1000
13020 19162
3300 6512
3233 10320
6561 11380
16025 9383
11810 14584
14846 854
2872 10368
3301 2929
3421 5131
12836 14338
14934 19530
11528 417
6723 829
3286 5494
5451 7123
5986 1432
3594 8935
13075 68
976 18964
1800 2709
2258 4997
2423 5173
4301 19825
6706 530
2578 14340
18462 3221
5830 3614
9151 10559
17477 19954
19487 1002
5617 10808
12941 7069
4466 1926
7504 12114
10831 8748
14359 3788
2938 12393
12180 13639
6143 6627
13860 2241
7261 6478
19677 7608
12735 7746
1301 5131
5311 7073
9278 7573
5527 9697
8189 16845
2550 9027
12612 9361
3314 10738
10057 17323
632 12344
17715 296
19409 943
100 4522
18633 5009
9374 10335
9218 8459
7725 16926
7989 593
7655 19245
552 10148
1939 2555
17261 2630
12193 8894
6952 173
6151 7640
5125 2190
11860 9495
7348 9493
1149 17767
5128 13227
17375 189
13286 57
4083 8442
1989 16468
1822 5571
10345 86
18373 10027
3515 10807
8847 8914
11655 159
10464 6284
3881 8303
19281 2630
15643 9728
17935 3128
8254 3828
17797 8242
15060 9032
15714 16973
19766 17547
8726 233
5191 5600
2422 13041
2093 17178
12250 9834
19973 3326
14118 1231
10076 6262
17404 3000
2754 15211
16093 1790
5168 17556
1207 1314
8417 7204
17582 453
3605 1363
18718 10500
18740 4633
2483 19682
12819 2663
17924 6085
7726 11239
17859 11712
6969 4320
17816 3143
19129 2397
13018 5870
1709 13132
1148 16479
692 1411
11587 15321
16382 2337
1202 7508
18258 2525
2558 8715
415 8234
13928 4748
5618 4041
9163 16511
3441 7875
1881 10024
2497 7141
15297 6816
8873 7422
9179 17283
192 16948
14015 9493
1031 4911
16493 9149
2273 6693
7720 6908
2398 9424
1046 7403
4053 2029
14535 1638
5976 19887
19181 2467
14664 7219
7349 17114
5410 1181
15716 1914
10927 17018
15362 2035
10413 8326
14798 5130
3737 10135
537 12488
12949 1155
2560 15411
5375 3158
6260 12818
11692 8856
823 6713
14054 8049
14403 7250
7313 8952
823 15728
16598 2419
10562 17977
14557 13159
214 8716
13538 2595
4088 1795
2278 5142
15617 1025
8558 16828
11523 13926
10668 6026
19343 7982
12198 12587
15082 5337
2380 4014
14742 2085
14265 7398
16424 10942
19322 10488
1100 3971
3332 10471
17490 5792
386 7230
13531 9350
14347 9776
3951 96
11477 13326
18443 10009
6556 15246
7641 16976
6607 1400
2617 14962
7265 12666
13781 14850
6022 19678
17315 15086
19569 3722
4024 7231
13459 7782
12701 7660
4739 16247
11356 10765
5179 11055
4739 7985
14610 13217
12388 15011
15886 3800
18701 255
11078 12392
13616 12541
5939 15162
4460 179
961 10768
4566 19074
13211 5563
2038 3426
7426 7805
16285 9208
3524 496
19106 3151
6226 11638
19141 4285
5685 17401
12510 6880
15810 8451
12122 9825
12821 15109
12011 13263
4508 14075
6431 4026
13435 3402
16219 1620
13282 7159
18522 12009
13578 10828
19638 2401
12000 8736
8372 9081
12920 9988
7667 6224
14249 13614
8443 6746
15965 5775
3868 2251
18034 1612
12015 10067
19964 8423
9099 8493
13641 1205
8018 6206
10894 17063
16827 2904
338 11135
1063 1812
15668 7032
13542 10592
4147 10506
2940 415
13213 5381
14425 8872
1702 7010
17658 9637
3687 2827
18891 3455
4636 13616
5866 12946
13670 10792
13663 1160
3097 501
4374 9796
12409 12231
18946 2376
13600 10207
6336 4210
2352 7496
7615 6836
6742 9981
8350 16404
15205 7842
5420 11871
12886 1914
5498 5878
13764 14984
945 1313
17415 18478
2912 2709
12794 11725
12040 15826
12916 16096
1676 17220
19339 632
7260 8931
12936 4388
12757 8331
13391 14307
3172 17190
13621 1150
8068 78
16256 7691
8291 16971
5485 1496
19976 1504
4831 10361
10520 7298
15185 13505
11661 8063
13994 14875
3899 2022
17665 11365
14573 5121
15162 1823
12137 9082
1861 2708
18021 5300
17450 12267
5546 3487
1161 9559
12908 7612
14991 8390
7087 7362
13854 13238
5182 9163
10757 18712
13557 9200
1271 13807
6318 5379
12967 4653
7157 450
17100 4214
5408 6258
14417 6341
3906 4800
11729 14662
12156 7414
14693 11435
12078 14200
13914 3053
15300 12056
10482 7618
13700 17469
13074 14900
17100 12529
1645 7803
8047 5707
11997 12413
6444 18744
14598 4503
14935 10034
13315 8075
13165 11708
5544 8385
12990 9549
16576 12694
10891 16423
6039 4356
12923 14686
11525 17671
14587 2971
4276 3263
5928 7543
4341 11931
11609 18997
18332 6929
13114 5253
172 9889
6514 13059
148 10819
13159 5092
1252 5838
16528 1940
2779 858
4661 4629
14323 14226
1899 15825
7461 5479
6700 7441
3100 17927
6137 10844
3089 152
2310 19547
13289 10783
13521 10635
12499 8226
12538 6705
2169 10086
1781 19204
706 12074
11404 780
12885 3118
5754 15458
1280 2397
3642 4565
4352 13868
16241 5312
9579 13500
19513 7921
2215 3381
2423 9267
17167 9429
3663 1005
12843 284
6145 8300
2731 776
19428 768
10673 7704
12262 15373
15083 3528
10781 602
4470 2050
2536 11155
4716 6313
11720 19518
8821 19429
1210 7963
18837 2016
18590 2535
6679 17303
12692 7128
16942 25
6398 9532
13054 14245
14057 5898
16314 11986
6899 2233
14168 8252
13020 5482
1028 4547
11169 4822
16937 19838
12466 10833
19900 12236
5457 3462
7679 16257
16291 394
9652 11540
1287 9128
14198 14154
5218 5287
12533 8556
7765 5518
15203 1696
17529 4577
13167 7834
321 1012
4503 2426
4203 1280
17216 1479
6438 1102
13982 8491
2946 3283
18105 3788
4681 4833
3343 2478
3921 4238
2310 9927
14787 681
1127 11501
1699 1094
16060 9432
948 6814
8121 7409
4056 6595
181 1009
4111 5887
16109 8735
18669 8534
16439 16507
1748 11700
3598 4318
11472 16564
2654 2669
4029 12054
5631 6703
11652 13080
8522 10670
17736 1715
10074 16579
4923 14981
5798 7353
5639 11255
4489 11951
14363 13463
1550 5397
6867 14306
6382 6534
2786 7313
4649 9622
13852 1451
5670 9643
12811 16743
3956 3177
8692 9777
878 4035
6711 18774
4574 1297
12714 7246
2704 11280
928 5099
12689 8628
1107 981
6353 626
12288 4600
11934 403
11987 7618
14489 7419
18519 6931
11020 15600
14219 9026
1381 8588
15859 1199
16639 3850
6814 3712
15212 6420
5811 6131
16310 9538
7550 5717
8139 11872
15991 14034
5329 12606
11985 14643
11060 16521
6640 19891
4168 3244
3386 7384
6033 8034
1107 11656
11127 12824
74 2189
6772 16688
1327 15676
10614 17286
13841 9373
15433 6431
4385 7386
12036 14998
9461 3952
13925 361
14740 9873
16535 10072
6588 6472
9794 10824
13153 7349
636 1159
17039 69
331 1691
18985 4059
14477 14285
3947 7895
7213 6000
12539 16010
3184 5491
775 19050
15428 4327
11415 13463
13717 7621
13728 1605
5818 1938
10930 17417
17560 2850
6643 16119
11204 8756
2097 11381
15941 10301
11025 8794
6991 19700
6888 5135
5389 11345
2617 11770
15963 7630
19887 2894
734 6982
8129 7777
4731 5225
17869 2846
12899 17680
11594 16912
4583 19647
19471 600
1071 1320
10497 6937
14038 11621
10296 8769
16085 5763
7146 9945
12834 15070
19969 1693
16753 943
2904 1060
2978 5980
6242 12200
14855 7103
10258 8455
12634 80
13256 14326
12053 14648
16889 2436
1472 7011
16926 2300
7173 9569
2889 1930
11585 18
3204 103
17598 202
10503 17146
14900 5946
5161 17287
10047 6637
13007 8365
10348 12809
2619 11177
18633 7218
6275 5945
916 13353
5024 11403
1753 5655
6282 15871
1601 454
11815 16152
12623 12244
18306 10006
13355 2977
17499 16274
1082 607
5743 87
6559 7781
15339 10989
1373 7994
14212 10181
4006 10398
11842 8161
648 2426
9359 13103
10574 8806
5482 6659
2130 1207
501 5864
15799 846
12780 14572
13812 6579
7281 4795
1068 19612
3663 1280
17858 8834
4313 9642
7271 5219
4322 19106
2769 82
3727 4222
12850 401
17536 10225
5971 3542
16472 5260
8090 542
4567 4791
2572 837
4519 11797
7812 17779
13985 2306
3988 11882
12447 13744
10453 7483
8250 7540
130 8096
3708 61
17756 1067
19539 2640
16751 12162
14529 11847
15496 6637
13659 9734
17415 2504
17647 1374
16380 11104
16127 18084
17804 3408
4846 4087
19375 607
5828 12450
1056 706
11816 9943
7467 5993
13513 7634
14000 6788
14889 7070
17093 4832
13820 2521
7686 8176
11725 8338
19788 8177
2716 4766
17240 269
956 448
3097 1908
1593 15908
10960 12276
1350 6505
18759 1229
18122 3833
16336 9484
8140 6735
18187 2361
843 2612
6918 8193
748 1489
22 5807
11474 193
4316 5144
17937 9846
13517 6412
338 9388
581 4812
1388 15098
3259 2107
9557 16712
14405 3959
1485 6013
907 4634
19110 7120
14761 3874
15072 6526
6501 8801
15069 6948
16163 1036
4821 660
13808 8555
15194 6991
15539 768
8786 6099
4172 2874
10774 5533
6080 13998
1595 2508
13690 7930
3685 8989
18456 6625
10585 8665
4171 12624
5027 5408
16197 4760
10423 17304
1620 19487
10420 17495
5175 6629
3361 19726
6564 5267
8729 11227
4485 15295
8982 7476
17179 1518
1765 160
869 2282
7915 6758
1063 416
2290 1065
9070 17622
14828 4821
17355 4787
16036 9148
18204 7961
5713 8280
13067 3515
15440 8458
16694 3843
2390 1548
126 7964
4090 8932
10288 7060
13901 16130
9940 7725
18782 7066
3683 10540
204 7252
6988 9732
6564 14469
12864 6642
6999 8159
14483 9467
4422 801
19537 2199
4704 9603
15470 1016
19255 1635
2083 7692
6380 4579
19715 10003
5645 4103
4982 13677
2534 3852
2601 9403
4238 3988
7617 11908
12632 16264
17559 5964
5993 1825
12625 16064
5559 18076
12802 11941
12908 8291
5809 17881
5834 11386
6277 6008
18116 9829
13349 8320
5724 8531
18787 8891
4169 17427
13414 15745
18177 634
1696 8858
5114 10266
12446 1053
8529 12064
3999 3050
14720 4756
1401 1014
4471 19958
12260 15919
17528 9422
17697 4374
11056 7000
12222 19667
13647 15932
14314 1817
13601 11824
13694 9425
467 8965
17534 5918
4430 5266
8536 9776
12894 7178
16407 714
4817 5621
17658 5944
18592 16503
14646 10773
9372 12148
16815 7725
11009 17126
18655 15721
10075 15202
2085 3824
4312 403
4701 9870
2711 5142
13891 17765
14039 7386
14956 5794
19056 17737
4593 9205
409 16114
11678 18947
17027 4174
16225 12932
12313 4250
14392 10884
16235 961
19104 2970
2816 3407
12314 17029
18859 3199
17456 712
11557 9262
9937 18984
3613 4105
15314 10590
3136 3776
2216 2696
16759 534
16559 3581
18699 1828
14521 1336
19484 7085
12027 14951
16395 11653
1515 5893
4463 1390
13312 9202
14893 6412
15379 10283
9046 16570
2480 9515
18983 1303
2360 11398
5164 1765
18252 165
14968 16538
2719 7754
6764 15822
139 689
12700 64
13327 7336
14353 5971
6961 8371
4061 8897
9143 334
8692 508
5298 19020
7561 7973
8895 17575
3617 2620
361 11558
905 7939
8378 5475
13470 1512
18614 8500
5465 8194
1567 7724
5253 4590
6875 1503
12918 11611
16442 1202
827 5252
3948 8137
5891 8037
13845 14902
4226 12195
5888 3533
13266 1734
9145 17160
121 2113
11138 18094
12988 3789
12723 13509
514 4071
11300 14596
5214 7836
6181 17948
15823 2601
14637 8101
6990 7187
15192 1218
4472 1797
18762 7238
2259 18440
4157 16683
19691 7656
4489 2767
4035 6398
14276 5442
341 7024
4234 19116
12885 15913
9466 8308
8772 7767
10722 20
16875 4730
17207 19355
5682 11690
18218 3007
19047 7912
3534 4871
7643 7394
3616 6445
1875 17704
1882 16450
13638 2722
962 11586
2955 17727
5359 12005
4700 791
2676 454
809 17691
12431 1735
2552 9213
11283 10927
7985 16709
12971 10316
12918 9721
3165 5100
12483 16366
3115 4383
941 9458
10840 7913
1002 12115
1499 4901
2986 1060
1348 4808
5340 3454
17250 3978
3326 8600
7163 5255
1714 5068
19538 9116
8289 5865
17156 2082
5384 2063
1826 2236
7148 7996
6199 10172
861 422 831 0 11 684 439 29 957 295 858 93 844 849 632 477 92 896 778 832 817 952 299 500 350 855 585 869 980 802 805 560 827 298 416 545 883 216 237 595 351 366 648 10 431 604 305 204 293 925 317 557 383 447 251 492 173 215 315 528 206 863 363 352 325 319 116 244 441 110 189 795 993 257 699 946 42 882 728 780 516 745 373 621 943 960 182 406 815 476 915 769 90 653 409 828 272 718 812 198 80 630 660 549 525 709 228 142 475 768 4 469 87 573 188 683 884 677 433 348 678 591 834 391 245 277 392 266 283 680 140 542 835 194 334 887 50 362 978 249 977 440 975 212 690 256 98 236 70 872 165 247 322 66 509 449 393 304 808 618 359 813 735 459 270 518 787 195 638 845 865 345 636 875 889 358 548 91 329 772 235 847 309 579 289 939 435 167 743 209 692 565 856 187 168 515 151 601 694 732 736 136 265 679 543 523 730 888 341 693 649 719 785 394 234 428 506 840 32 243 901 552 453 328 43 210 344 514 316 640 698 571 574 35 746 643 592 602 157 983 415 349 671 314 830 590 777 617 101 84 181 740 89 546 438 864 512 436 120 225 269 374 378 337 303 932 771 241 347 368 417 729 36 725 357 130 949 432 902 615 857 184 158 320 824 766 563 217 938 154 156 321 451 941 791 178 520 242 104 380 125 171 606 608 995 681 65 569 102 262 879 521 773 862 339 989 829 452 767 695 956 749 662 404 253 593 192 837 803 843 114 324 57 111 232 556 207 99 580 676 246 789 119 150 86 867 230 870 274 26 959 708 461 685 118 88 584 711 127 426 282 425 880 707 892 792 596 312 30 55 414 588 687 301 218 895 818 675 682 255 486 759 457 871 108 54 613 74 701 554 429 878 597 921 733 866 841 444 647 737 466 6 881 148 833 186 668 40 696 175 966 631 399 113 973 291 928 914 566 498 100 278 259 307 547 75 18 900 603 411 659 161 821 513 83 611 716 12 398 418 955 79 905 906 94 308 663 61 338 67 24 634 511 13 458 201 919 434 567 804 16 153 311 894 996 69 163 988 442 326 927 661 27 131 796 918 448 748 95 842 583 838 717 664 462 382 686 800 369 533 501 823 739 947 455 419 33 942 176 147 254 318 109 652 410 456 886 505 788 970 734 222 852 196 674 229 279 612 389 657 268 971 413 381 986 598 665 764 645 774 610 703 723 463 910 273 8 296 481 877 323 20 64 997 742 401 761 264 294 589 106 468 825 510 689 633 627 760 763 702 899 473 454 553 123 714 555 930 538 641 712 934 56 715 646 379 726 885 493 625 78 22 177 21 992 985 987 44 141 508 922 721 727 437 503 190 226 407 851 185 798 868 460 876 981 874 658 464 479 402 342 961 9 979 700 854 561 14 599 1 963 474 421 948 472 208 544 214 936 916 361 814 770 924 535 412 731 430 332 47 499 999 287 594 783 609 71 169 302 903 713 786 998 635 386 330 940 550 495 39 68 370 489 15 45 483 644 753 340 292 524 811 622 336 755 794 365 284 240 522 117 650 576 991 655 385 526 691 559 41 250 260 994 354 450 913 738 252 107 710 762 286 144 962 227 908 697 582 471 672 954 137 758 46 779 953 59 258 82 248 839 502 485 756 28 58 551 445 846 619 405 642 822 527 115 801 34 203 494 784 741 376 164 276 688 600 231 3 810 388 31 490 577 958 290 969 529 73 797 239 403 275 747 926 482 669 371 491 666 624 213 820 313 853 497 790 859 654 280 267 639 159 781 81 51 191 2 7 395 134 465 891 799 145 408 974 49 128 897 990 17 744 776 904 76 85 923 558 133 534 496 135 143 285 793 353 917 637 424 126 146 607 271 706 470 166 581 950 193 782 775 673 129 912 519 819 446 327 982 836 174 720 375 63 223 377 263 911 397 53 160 984 536 967 467 478 572 893 420 620 507 578 37 96 121 623 335 25 202 103 162 384 77 965 122 704 540 722 170 860 139 972 72 19 562 651 751 396 390 112 944 964 300 97 968 387 306 816 105 233 616 945 211 757 488 400 221 199 626 898 570 539 427 504 356 937 809 806 907 224 656 951 754 23 826 587 149 205 532 575 62 423 909 765 138 929 179 48 310 667 152 200 60 976 443 288 890 132 724 52 752 750 614 541 568 848 261 155 531 364 487 850 935 180 564 197 537 705 219 484 238 183 355 281 629 807 297 920 360 220 331 933 670 38 346 605 530 5 343 124 517 628 480 586 367 931 172 873 333 372 
453386.761880