1601.81   730.372

1620.85   706.643

1673.08   730.372

1579.69   730.372

1717.2   708.067

1601.81   730.372

1611.18   730.372

1611.18   730.372

1673.08   730.372

1582.05   730.372

1504.22   730.372

1582.05   730.372

1729.95   728.947

1673.58   742.513

1717.2   708.067

1620.85   706.643

1620.85   706.643

1673.58   742.513

1729.95   728.947

1714.22   706.643

1589.38   708.067

1673.58   742.513

1562.62   742.513

1611.18   730.372

1579.69   730.372

1714.22   706.643

1589.38   708.067

1579.69   730.372

1673.58   742.513

1562.62   742.513

1562.62   742.513

1715.55   706.643

1611.18   730.372

1620.85   706.643

1611.18   730.372

1579.69   730.372

1504.22   730.372

1579.69   730.372

1715.55   706.643

1673.58   742.513

1715.55   706.643

1673.58   742.513

1582.05   730.372

1715.55   706.643

1717.2   708.067

1598.54   730.372

1620.85   706.643

1715.55   706.643

1729.95   728.947

1579.69   730.372

