1470.38   613.856

1562.7   601.351

1454.98   616.761

1449.62   634.544

1450.7   630.36

1467.25   615.131

1474.99   616.756

1476.65   609.8

1408.73   621.593

1564.05   628.069

1409.29   609.8

1467.33   630.653

1460.82   610.624

1535.32   618.835

1419.27   630.201

1419.27   630.99

1539.89   607.54

1571.08   597.019

1485.54   610.137

1564.88   598.855

1484.55   609.8

1547.95   617.55

1458.89   635.233

1409.29   609.8

1555.71   598.624

1474.99   616.756

1419.27   630.99

1438.79   631.091

1485.08   609.8

1467.25   615.131

