1000
14991 8390
13616 12541
961 10768
19110 7120
19638 2401
18718 10500
13355 2977
8786 6099
6242 12200
22 5807
17490 5792
14198 14154
13578 10828
2497 7141
8189 16845
945 1313
341 7024
11127 12824
5410 1181
1056 706
4503 2426
1071 1320
2578 14340
3361 19726
5340 3454
12011 13263
18204 7961
11661 8063
5498 5878
6501 8801
17100 12529
5866 12946
8443 6746
2398 9424
7461 5479
19969 1693
6260 12818
7271 5219
18252 165
2097 11381
5179 11055
16753 943
11810 14584
16528 1940
4035 6398
6772 16688
12701 7660
18456 6625
6918 8193
13459 7782
17315 15086
3326 8600
10673 7704
13845 14902
18443 10009
14798 5130
12834 15070
7157 450
11987 7618
5544 8385
4172 2874
15162 1823
14956 5794
18762 7238
9579 13500
3683 10540
7989 593
3172 17190
14039 7386
17375 189
10722 20
13700 17469
8692 9777
19141 4285
6382 6534
4817 5621
331 1691
7550 5717
5527 9697
100 4522
4739 16247
5420 11871
19569 3722
5828 12450
16127 18084
9218 8459
15799 846
10614 17286
12894 7178
12156 7414
15069 6948
12447 13744
5818 1938
734 6982
13647 15932
121 2113
17240 269
8254 3828
15859 1199
1753 5655
12794 11725
4460 179
14323 14226
14265 7398
12885 15913
12723 13509
17804 3408
14934 19530
13067 3515
4508 14075
11729 14662
2290 1065
3727 4222
6969 4320
14168 8252
4489 11951
17216 1479
10464 6284
11815 16152
11594 16912
17756 1067
692 1411
7617 11908
14392 10884
15314 10590
5645 4103
1202 7508
15362 2035
12689 8628
3663 1005
19375 607
14535 1638
11138 18094
6080 13998
17156 2082
74 2189
8417 7204
14483 9467
12843 284
8558 16828
13521 10635
3687 2827
18187 2361
2038 3426
10076 6262
12941 7069
12431 1735
11025 8794
1149 17767
4056 6595
18522 12009
14893 6412
4024 7231
11585 18
19677 7608
19691 7656
12288 4600
1301 5131
14489 7419
11060 16521
18633 5009
2130 1207
9278 7573
4374 9796
4313 9642
18332 6929
18122 3833
19538 9116
15470 1016
16314 11986
7812 17779
12916 16096
14664 7219
18983 1303
1388 15098
16598 2419
16336 9484
11720 19518
16759 534
8289 5865
18519 6931
636 1159
8529 12064
17456 712
7281 4795
2273 6693
2083 7692
13928 4748
1107 11656
941 9458
18218 3007
15212 6420
19106 3151
7667 6224
3115 4383
14587 2971
10423 17304
3332 10471
12819 2663
14249 13614
409 16114
12918 9721
6706 530
1702 7010
16694 3843
19715 10003
5114 10266
6679 17303
6742 9981
3421 5131
19047 7912
8821 19429
12015 10067
4157 16683
18590 2535
12864 6642
17534 5918
13074 14900
12988 3789
12886 1914
3737 10135
6275 5945
18859 3199
10413 8326
14276 5442
1601 454
16036 9148
8350 16404
5384 2063
11528 417
1327 15676
5971 3542
13391 14307
14610 13217
14347 9776
8895 17575
5670 9643
15072 6526
16442 1202
1002 12115
13841 9373
204 7252
10927 17018
6764 15822
5724 8531
18258 2525
537 12488
10840 7913
748 1489
2904 1060
13557 9200
13670 10792
18985 4059
916 13353
15339 10989
11009 17126
16225 12932
6988 9732
552 10148
7261 6478
17415 18478
4831 10361
4583 19647
17207 19355
9794 10824
3300 6512
13282 7159
19428 768
1373 7994
17582 453
7641 16976
13159 5092
4731 5225
19104 2970
17937 9846
12836 14338
13820 2521
5182 9163
13717 7621
706 12074
3899 2022
18699 1828
19788 8177
9466 8308
3956 3177
4923 14981
7467 5993
5713 8280
5976 19887
16285 9208
13020 5482
2483 19682
5359 12005
12923 14686
5891 8037
17250 3978
10296 8769
8692 508
14573 5121
17715 296
19973 3326
8291 16971
19471 600
3204 103
14417 6341
10960 12276
7504 12114
14761 3874
17598 202
11587 15321
10420 17495
4982 13677
6398 9532
13289 10783
8140 6735
6643 16119
9151 10559
12632 16264
15991 14034
5218 5287
8129 7777
1107 981
3616 6445
17477 19954
4636 13616
11557 9262
4567 4791
5830 3614
14477 14285
12936 4388
15083 3528
1882 16450
130 8096
11692 8856
12625 16064
5682 11690
11415 13463
7163 5255
5161 17287
13925 361
12811 16743
14521 1336
12735 7746
13266 1734
5618 4041
17858 8834
14353 5971
6723 829
7655 19245
16382 2337
10345 86
14118 1231
2572 837
13414 15745
5465 8194
17100 4214
4466 1926
6640 19891
1989 16468
17499 16274
1210 7963
6961 8371
18891 3455
10482 7618
14828 4821
16827 2904
5482 6659
4053 2029
19766 17547
13764 14984
12446 1053
15716 1914
7148 7996
1485 6013
4821 660
5546 3487
6022 19678
6444 18744
11404 780
12027 14951
1699 1094
16291 394
15714 16973
4171 12624
9557 16712
11300 14596
15643 9728
9143 334
7615 6836
13914 3053
14968 16538
2711 5142
5375 3158
5311 7073
5631 6703
15203 1696
19539 2640
12053 14648
11860 9495
13470 1512
1826 2236
19887 2894
11525 17671
4341 11931
2360 11398
14038 11621
4322 19106
4489 2767
6336 4210
12700 64
11725 8338
13812 6579
2601 9403
6564 14469
18740 4633
16219 1620
15941 10301
6143 6627
1765 160
2534 3852
3999 3050
6990 7187
10562 17977
10503 17146
8250 7540
139 689
19129 2397
4083 8442
8378 5475
18462 3221
5928 7543
18787 8891
8047 5707
16439 16507
1676 17220
13531 9350
12634 80
3386 7384
2258 4997
181 1009
12510 6880
5457 3462
12040 15826
4739 7985
18946 2376
13538 2595
17697 4374
19255 1635
3906 4800
4472 1797
1028 4547
1161 9559
3165 5100
14403 7250
15185 13505
9179 17283
4704 9603
415 8234
12260 15919
11678 18947
6700 7441
10757 18712
7426 7805
15205 7842
4276 3263
3947 7895
12388 15011
2889 1930
18592 16503
1063 1812
3881 8303
962 11586
3594 8935
4701 9870
18306 10006
9937 18984
15433 6431
17859 11712
17736 1715
13808 8555
18655 15721
3441 7875
2560 15411
5986 1432
2872 10368
14846 854
14529 11847
10258 8455
1271 13807
2754 15211
13601 11824
1550 5397
14598 4503
12780 14572
13165 11708
2552 9213
14900 5946
7985 16709
1499 4901
5809 17881
3097 501
4385 7386
16815 7725
13728 1605
14000 6788
4574 1297
928 5099
4029 12054
10520 7298
948 6814
15617 1025
11816 9943
13256 14326
3343 2478
11020 15600
13435 3402
9099 8493
2946 3283
5798 7353
14557 13159
13315 8075
6991 19700
19487 1002
6033 8034
12538 6705
11078 12392
14425 8872
501 5864
13638 2722
14212 10181
6559 7781
11169 4822
10668 6026
3233 10320
6875 1503
823 15728
5617 10808
19181 2467
1899 15825
2704 11280
6952 173
12313 4250
4471 19958
2719 7754
13312 9202
5888 3533
15810 8451
12990 9549
4168 3244
4430 5266
12949 1155
2310 19547
18669 8534
16875 4730
809 17691
14740 9873
13781 14850
11934 403
10891 16423
17797 8242
15440 8458
1252 5838
2955 17727
3259 2107
16310 9538
2352 7496
1748 11700
17404 3000
2816 3407
16424 10942
9374 10335
7915 6758
8121 7409
5175 6629
4061 8897
12137 9082
9163 16511
5024 11403
1567 7724
15428 4327
3534 4871
17179 1518
1714 5068
18701 255
13327 7336
338 9388
2423 9267
12262 15373
16197 4760
5834 11386
11472 16564
14855 7103
6181 17948
6564 5267
2093 17178
17536 10225
648 2426
5164 1765
3524 496
8068 78
15192 1218
13286 57
6814 3712
4111 5887
1381 8588
19513 7921
8873 7422
2619 11177
126 7964
12198 12587
15963 7630
10497 6937
12000 8736
2216 2696
3605 1363
2259 18440
5993 1825
15668 7032
581 4812
8018 6206
6438 1102
11056 7000
2716 4766
1348 4808
2390 1548
16493 9149
17647 1374
3097 1908
16163 1036
4147 10506
17415 2504
16751 12162
3286 5494
905 7939
632 12344
10894 17063
15300 12056
17450 12267
14359 3788
16535 10072
12193 8894
15194 6991
6899 2233
1709 13132
386 7230
1031 4911
775 19050
6318 5379
1046 7403
9461 3952
13517 6412
3988 11882
5027 5408
5298 19020
3948 8137
956 448
13854 13238
16559 3581
16472 5260
4226 12195
16937 19838
5811 6131
10057 17323
5214 7836
3951 96
1127 11501
6607 1400
13075 68
12967 4653
4700 791
6039 4356
5485 1496
16942 25
7726 11239
8090 542
12692 7128
3301 2929
16093 1790
5743 87
514 4071
1595 2508
16060 9432
11523 13926
17935 3128
1645 7803
18034 1612
9359 13103
7349 17114
6199 10172
878 4035
4203 1280
6711 18774
13600 10207
13694 9425
4485 15295
1280 2397
9372 12148
11997 12413
9940 7725
5253 4590
2480 9515
19339 632
5451 7123
3663 1280
5128 13227
17816 3143
16407 714
3642 4565
7173 9569
7686 8176
7679 16257
4312 403
4566 19074
2380 4014
3613 4105
4593 9205
5408 6258
1781 19204
19976 1504
15297 6816
17167 9429
6277 6008
1515 5893
5125 2190
361 11558
14054 8049
12908 7612
13167 7834
8726 233
14889 7070
14720 4756
12122 9825
2423 5173
12409 12231
12971 10316
7087 7362
15496 6637
1401 1014
1472 7011
10288 7060
869 2282
8522 10670
12078 14200
12821 15109
6145 8300
14219 9026
10074 16579
10930 17417
1861 2708
3314 10738
14057 5898
13018 5870
4352 13868
2654 2669
16025 9383
12612 9361
17261 2630
13349 8320
3921 4238
2550 9027
12250 9834
2786 7313
1100 3971
11477 13326
15823 2601
1875 17704
4090 8932
16395 11653
19484 7085
2912 2709
3184 5491
13213 5381
6431 4026
13659 9734
12533 8556
5329 12606
6151 7640
6556 15246
19343 7982
13690 7930
12885 3118
12483 16366
14637 8101
17559 5964
12918 11611
18782 7066
6588 6472
4301 19825
3868 2251
13852 1451
18837 2016
13153 7349
16889 2436
7348 9493
9070 17622
11356 10765
827 5252
18021 5300
17665 11365
8536 9776
11474 193
3598 4318
16109 8735
8372 9081
6353 626
11609 18997
7260 8931
11652 13080
17658 5944
13020 19162
18614 8500
192 16948
18633 7218
13054 14245
6561 11380
11985 14643
4316 5144
12036 14998
14405 3959
2617 11770
13114 5253
2215 3381
16926 2300
9046 16570
2310 9927
8139 11872
4649 9622
10831 8748
12757 8331
16380 11104
13901 16130
9145 17160
11655 159
12714 7246
4681 4833
16576 12694
5685 17401
16085 5763
4238 3988
13891 17765
12802 11941
12539 16010
13982 8491
12499 8226
2085 3824
13641 1205
4470 2050
17355 4787
1287 9128
1822 5571
5191 5600
4234 19116
2940 415
4169 17427
13211 5563
19056 17737
19409 943
2986 1060
8772 7767
2731 776
16639 3850
13007 8365
14363 13463
15539 768
13621 1150
18373 10027
1881 10024
15965 5775
9652 11540
18759 1229
3685 8989
10453 7483
13513 7634
3515 10807
1082 607
6282 15871
16256 7691
3100 17927
12222 19667
12908 8291
10348 12809
214 8716
17039 69
18116 9829
2169 10086
11283 10927
14693 11435
14742 2085
15060 9032
10574 8806
1939 2555
823 6713
5754 15458
14314 1817
12899 17680
6380 4579
4661 4629
4716 6313
19537 2199
7561 7973
2978 5980
1207 1314
7313 8952
2769 82
15886 3800
1350 6505
7725 16926
19281 2630
5168 17556
1593 15908
4463 1390
6888 5135
5639 11255
17027 4174
10781 602
5939 15162
148 10819
11842 8161
12466 10833
7213 6000
13542 10592
1800 2709
13985 2306
4006 10398
976 18964
15082 5337
7765 5518
14646 10773
16235 961
3136 3776
11204 8756
843 2612
3617 2620
1068 19612
3089 152
467 8965
4846 4087
4088 1795
4422 801
7643 7394
907 4634
12920 9988
1148 16479
18177 634
17658 9637
2558 8715
2617 14962
10585 8665
1620 19487
6514 13059
2278 5142
13860 2241
17560 2850
1696 8858
17529 4577
7265 12666
2779 858
6137 10844
7720 6908
6867 14306
6226 11638
10774 5533
8982 7476
17528 9422
18105 3788
19322 10488
8729 11227
4519 11797
10047 6637
13994 14875
13663 1160
1063 416
5389 11345
172 9889
10075 15202
12180 13639
17924 6085
7146 9945
16241 5312
8847 8914
321 1012
2676 454
338 11135
2536 11155
2938 12393
19900 12236
12314 17029
6999 8159
19964 8423
17869 2846
14787 681
3708 61
14015 9493
14935 10034
2422 13041
15379 10283
17093 4832
12623 12244
5559 18076
12850 401
0 1 2 3 4 5 6 7 8 9 10 11 12 13 14 15 16 17 18 19 20 21 22 23 24 25 26 27 28 29 30 31 32 33 34 35 36 37 38 39 40 41 42 43 44 45 46 47 48 49 50 51 52 53 54 55 56 57 58 59 60 61 62 63 64 65 66 67 68 69 70 71 72 73 74 75 76 77 78 79 80 81 82 83 84 85 86 87 88 89 90 91 92 93 94 95 96 97 98 99 100 101 102 103 104 105 106 107 108 109 110 111 112 113 114 115 116 117 118 119 120 121 122 123 124 125 126 127 128 129 130 131 132 133 134 135 136 137 138 139 140 141 142 143 144 145 146 147 148 149 150 151 152 153 154 155 156 157 158 159 160 161 162 163 164 165 166 167 168 169 170 171 172 173 174 175 176 177 178 179 180 181 182 183 184 185 186 187 188 189 190 191 192 193 194 195 196 197 198 199 200 201 202 203 204 205 206 207 208 209 210 211 212 213 214 215 216 217 218 219 220 221 222 223 224 225 226 227 228 229 230 231 232 233 234 235 236 237 238 239 240 241 242 243 244 245 246 247 248 249 250 251 252 253 254 255 256 257 258 259 260 261 262 263 264 265 266 267 268 269 270 271 272 273 274 275 276 277 278 279 280 281 282 283 284 285 286 287 288 289 290 291 292 293 294 295 296 297 298 299 300 301 302 303 304 305 306 307 308 309 310 311 312 313 314 315 316 317 318 319 320 321 322 323 324 325 326 327 328 329 330 331 332 333 334 335 336 337 338 339 340 341 342 343 344 345 346 347 348 349 350 351 352 353 354 355 356 357 358 359 360 361 362 363 364 365 366 367 368 369 370 371 372 373 374 375 376 377 378 379 380 381 382 383 384 385 386 387 388 389 390 391 392 393 394 395 396 397 398 399 400 401 402 403 404 405 406 407 408 409 410 411 412 413 414 415 416 417 418 419 420 421 422 423 424 425 426 427 428 429 430 431 432 433 434 435 436 437 438 439 440 441 442 443 444 445 446 447 448 449 450 451 452 453 454 455 456 457 458 459 460 461 462 463 464 465 466 467 468 469 470 471 472 473 474 475 476 477 478 479 480 481 482 483 484 485 486 487 488 489 490 491 492 493 494 495 496 497 498 499 500 501 502 503 504 505 506 507 508 509 510 511 512 513 514 515 516 517 518 519 520 521 522 523 524 525 526 527 528 529 530 531 532 533 534 535 536 537 538 539 540 541 542 543 544 545 546 547 548 549 550 551 552 553 554 555 556 557 558 559 560 561 562 563 564 565 566 567 568 569 570 571 572 573 574 575 576 577 578 579 580 581 582 583 584 585 586 587 588 589 590 591 592 593 594 595 596 597 598 599 600 601 602 603 604 605 606 607 608 609 610 611 612 613 614 615 616 617 618 619 620 621 622 623 624 625 626 627 628 629 630 631 632 633 634 635 636 637 638 639 640 641 642 643 644 645 646 647 648 649 650 651 652 653 654 655 656 657 658 659 660 661 662 663 664 665 666 667 668 669 670 671 672 673 674 675 676 677 678 679 680 681 682 683 684 685 686 687 688 689 690 691 692 693 694 695 696 697 698 699 700 701 702 703 704 705 706 707 708 709 710 711 712 713 714 715 716 717 718 719 720 721 722 723 724 725 726 727 728 729 730 731 732 733 734 735 736 737 738 739 740 741 742 743 744 745 746 747 748 749 750 751 752 753 754 755 756 757 758 759 760 761 762 763 764 765 766 767 768 769 770 771 772 773 774 775 776 777 778 779 780 781 782 783 784 785 786 787 788 789 790 791 792 793 794 795 796 797 798 799 800 801 802 803 804 805 806 807 808 809 810 811 812 813 814 815 816 817 818 819 820 821 822 823 824 825 826 827 828 829 830 831 832 833 834 835 836 837 838 839 840 841 842 843 844 845 846 847 848 849 850 851 852 853 854 855 856 857 858 859 860 861 862 863 864 865 866 867 868 869 870 871 872 873 874 875 876 877 878 879 880 881 882 883 884 885 886 887 888 889 890 891 892 893 894 895 896 897 898 899 900 901 902 903 904 905 906 907 908 909 910 911 912 913 914 915 916 917 918 919 920 921 922 923 924 925 926 927 928 929 930 931 932 933 934 935 936 937 938 939 940 941 942 943 944 945 946 947 948 949 950 951 952 953 954 955 956 957 958 959 960 961 962 963 964 965 966 967 968 969 970 971 972 973 974 975 976 977 978 979 980 981 982 983 984 985 986 987 988 989 990 991 992 993 994 995 996 997 998 999
-1
