500
233433981 66 87
589139301 66 -8
871261859 98 -54
534128679 79 11
844123169 -98 22
197707446 -88 22
239419574 -83 -2
753828649 -64 -97
969870016 -79 77
373599472 -88 -42
75741110 62 60
688556728 -72 85
506227982 92 -52
174197069 59 57
477369775 -59 -71
430280928 -27 21
534460637 -53 28
480298483 -24 -90
668188955 77 70
569888649 53 37
907966572 99 -6
40032847 -75 -30
947991694 -98 -85
398193694 92 -100
186742018 39 67
909687363 55 -83
603555508 -61 74
456677358 77 30
809728801 -50 -59
348754523 15 10
978074606 91 97
484891573 84 -32
472794864 75 -30
289646643 96 -35
920857527 -40 87
934817529 -49 21
749945312 -94 -53
235573723 -51 -78
423330384 -43 -48
591014712 -77 -58
522152740 34 41
371177604 8 92
780151900 29 41
771423870 30 -9
15154530 -20 4
539467068 -80 -47
450533827 5 33
683055423 46 -91
972229985 -75 3
264686892 -41 -78
247460899 54 88
721234721 -71 -7
249435459 -60 95
715284097 22 94
291551325 -95 99
386108783 12 43
881756662 0 11
391169763 17 95
470524454 94 -79
736025755 86 94
571644175 42 21
741996007 -7 76
576918563 76 84
955233216 -21 -28
726021400 -89 92
151270541 89 -54
863286237 65 -69
964488315 90 25
603742067 25 -91
84182772 -26 34
657563181 -51 -63
916844406 64 -93
643133848 32 9
858929033 -33 -89
469168109 39 12
86752678 -9 -7
604191702 63 -62
73068505 46 -4
155224211 -61 52
268643854 -99 59
494961848 -65 79
149979915 65 10
944058511 -78 -24
279547565 -95 23
789038740 -80 -7
266664067 -31 -40
213930710 100 -53
222551057 -41 -16
813877473 2 -53
669302695 79 11
308800435 -12 -10
561462869 95 -6
625841897 -89 97
706434182 -91 73
52124738 -65 -98
324596800 92 -44
156057192 9 -97
512476657 -17 86
431790269 80 75
317323713 -37 97
742220546 -15 90
876393845 -14 -42
116123538 27 84
119398695 85 -48
766765902 57 -2
709966928 39 -18
118069543 23 -60
673949242 85 -53
719850654 -5 6
366800285 13 26
19748032 -73 -98
54657571 -90 -30
799552027 64 -11
328329117 3 -6
173945371 16 0
147402803 34 27
823301484 -55 -75
886742100 19 -80
64931242 34 -56
554945283 29 -96
41312983 65 5
216979175 26 -60
282368525 -22 -32
64812576 17 -57
150414513 37 49
647215879 58 24
569029515 -13 -48
137873220 13 -44
604010978 39 84
219267698 94 -50
849359847 -100 30
920301386 96 -90
26317169 -15 56
870441276 -42 -72
485465073 62 -74
604852752 -54 -95
413085650 71 -41
349021457 -77 22
68481734 8 -21
529812543 74 -8
810151810 16 -45
950410460 -63 -10
735603883 48 45
939844020 97 -100
17127993 21 -85
685417136 45 -10
493887820 66 40
132078287 8 98
595249746 -80 -7
95246316 33 86
1524861 -2 -70
774118270 -36 27
167329086 91 2
311170070 -17 6
142857641 94 -4
489457078 96 95
103378959 -19 79
640499600 -38 28
462655322 -64 64
227439476 24 -11
614455518 -25 -30
444245978 -2 -9
733865392 -11 43
916889476 -51 -54
303375612 -78 -32
127953878 7 -78
263368532 -84 6
231245479 -39 7
130650778 77 98
704730607 2 -30
539541704 -42 -41
670724284 -10 46
365163714 -30 39
225231672 35 25
876209560 -36 -19
576017111 -94 71
639429542 9 44
314978084 54 54
891313201 -7 -90
781182949 -49 -47
239377357 67 -48
992053927 -78 -33
895284057 23 -66
369764945 46 -55
613963325 59 -68
44128783 94 44
141768049 -19 -52
541736834 47 17
496411415 97 -61
817620786 1 -6
957115272 -55 33
51194787 -60 51
580810405 50 34
996534145 39 -63
669134257 -53 31
605152904 79 -59
989566731 49 74
988910989 -2 91
919487816 -31 -51
231261769 36 23
93610948 76 -39
246904470 -71 -2
452107187 58 18
771923357 -27 -23
351157594 -5 -19
720923728 -48 -30
12398280 -87 89
351538790 31 -24
362119690 41 -81
71699084 -69 33
358817663 58 77
664643887 -22 37
222302842 -18 -59
707904286 81 -41
729855747 75 54
7113421 57 -25
621452712 -82 -58
754806810 14 94
710776674 -3 -37
297802661 15 -68
554786175 29 82
372217099 62 -65
116406770 -36 -6
465983487 45 69
609625038 1 22
366495094 -56 -6
844984922 17 7
24677564 26 -11
84694697 -13 81
419186421 38 -37
440626789 14 76
987083361 30 -78
528654016 -96 61
50004723 -12 -55
720636737 48 57
602719681 17 -84
424107015 37 100
722781644 -10 -19
238311216 74 15
908058934 -33 -69
216810264 -1 -98
616411231 53 75
813744993 -70 94
817922574 -70 -40
824231576 70 67
927241300 31 91
381716816 -36 83
334921584 -63 -61
60421652 99 20
661575672 77 -93
989372135 -35 -67
164195796 -14 -9
248142978 53 76
164813013 9 49
881940822 77 61
554915561 -8 -74
870589051 -40 -19
609642895 53 38
873284451 -47 -23
285841039 -87 -21
824345127 76 -83
381940870 59 -29
911713130 -69 -47
977622145 -66 65
542267927 -52 63
37144568 30 29
237606631 39 -58
131799409 -94 -71
931403503 -78 88
839173011 31 -64
265136520 -64 56
409572663 -51 54
359861495 -94 -13
907509479 -99 58
99000009 -69 -22
84865753 -78 73
596880921 46 41
27568177 62 79
586194048 -30 -100
552896422 90 -94
992951320 -34 -52
294736246 -20 94
472314022 -20 73
509011261 -44 -71
598410706 53 -59
659919972 73 89
331874377 -52 70
249979591 -79 31
310928587 -58 -49
430535542 -27 91
45136971 -65 -48
829277764 16 -1
772736285 51 -58
702133598 25 -12
979695152 71 -35
759260513 36 -34
401266442 35 12
764665577 -74 98
488179624 -9 67
896999373 26 37
126797418 -68 41
501713174 100 -38
861156872 -72 -34
555257615 51 80
368085517 95 38
818099122 81 72
151929258 -61 5
393019628 25 -92
737383241 66 -55
183840640 25 -8
778239839 -2 -42
833184643 -22 -2
306672961 47 12
206935938 29 -71
680633008 -4 -19
854997616 -100 77
715766950 -88 -9
47050963 -74 -52
57029414 -21 84
163412004 13 72
989734979 9 -52
3530015 7 -8
864137902 43 -67
143574555 -85 -27
989398481 -69 84
248345131 70 98
255379039 95 -10
2757128 -59 -32
139838038 -76 -85
479796727 13 -41
924259341 -18 5
591566094 41 92
629731053 75 -87
406198389 -57 -74
406652380 19 -74
169305461 3 14
96304185 -42 -86
642787394 24 93
964305069 66 79
991600962 17 -38
772105509 -34 77
682181543 -35 69
341870522 29 -95
312413776 -57 -50
795002565 1 97
440277675 -69 60
96369237 60 -75
994454857 48 26
764258122 -81 55
459112454 97 -26
87940743 60 43
276020968 -87 37
905620030 -67 7
655116118 -95 -7
604272461 93 62
505057025 -10 34
760456901 85 14
150636498 42 6
665988307 -97 -14
136529156 60 38
919838305 -82 -26
366264784 74 74
537011983 -93 38
197227306 -4 -19
866104333 44 -69
108067769 79 98
496425377 -71 6
176967957 46 81
934263703 -7 35
975585772 24 24
346233294 -94 -65
713912254 20 -66
781006832 49 -98
702897253 55 26
216543546 -42 -54
445236810 -100 -14
136107283 -15 17
848229202 42 -55
480855770 32 87
662457079 -72 -49
438522635 23 -71
508764431 -40 3
544860782 -15 -35
569587102 -10 38
974182544 10 -68
22527869 -52 -68
680404109 51 49
196873146 40 37
836997734 37 61
752814833 -14 -39
643108382 43 70
338213574 66 -73
6665411 25 43
51340939 -52 26
569316956 -73 -60
349462568 15 87
358266078 -6 39
755021158 75 -32
518936839 -18 -72
755420288 -29 -20
143752070 -97 61
900265381 -71 4
804132403 19 -61
188292243 -56 5
231789612 75 -92
133793865 -24 -29
834007418 75 49
695069954 66 -19
928469473 -19 55
583265692 -42 28
841652105 -54 22
994995283 -14 -65
28720097 43 -15
787862144 -80 -9
389980856 -78 62
995422540 -90 -96
715203484 -51 -75
748084803 62 -55
874671800 -10 52
111546388 -45 26
826872257 39 -72
110760656 78 -1
730050466 58 -80
170699588 14 81
526806047 31 -60
331158839 7 -23
486763437 26 37
246294508 -58 0
386023856 64 -70
383616080 -40 -12
95868635 -67 18
584767277 17 -81
806888678 -48 16
789456264 65 83
606343708 -66 -15
858112085 -44 -74
364515595 11 33
831101645 68 29
815956904 8 100
140403703 85 63
820074722 -100 -73
397913235 83 98
864243293 -68 -87
497758707 -99 56
464690092 40 -37
320264475 94 83
986253675 15 -10
42165465 -2 29
360841213 20 -55
492724295 55 99
580502507 53 -62
443018091 89 56
830440566 27 70
140893055 -2 -14
367153477 -9 84
357599780 -49 34
39711405 -31 0
358539700 97 98
256376749 -88 2
322261066 57 61
887832360 -90 98
327852583 14 27
222492785 66 -38
104975652 32 38
38506113 -5 82
620091449 -87 45
132773775 -50 94
716276917 52 45
402391682 -36 64
181035076 -98 16
165587501 -37 1
125272671 88 20
854680250 92 -3
248663432 -62 61
328695925 -77 10
393229938 6 69
953050696 -86 37
874838998 -1 -5
117748017 -4 -28
433615295 -52 11
221077948 -19 2
875514195 18 -86
547758495 47 -5
5651940 30 60
75532925 -38 -99
894688135 -25 48
520071936 87 84
966361129 12 44
630688073 56 67
690942640 3 87
498514710 -64 -81
559460570 -43 32
29982394 -12 -48
147286375 84 -17
322970998 -47 -15
753091805 8 46
41868660 75 63
594968240 -69 -84
280484816 61 -26
477694971 5 80