1000
1 44100 142966
2 37200 139766
3 36066 136216
4 26363 126743
5 41366 141366
6 34800 137366
7 37233 138333
8 26092 127663
9 35266 132616
10 43816 144566
11 35862 139190
12 34400 131900
13 34200 134316
14 31166 130766
15 38055 140887
16 34366 136866
17 35983 136166
18 34783 139383
19 34300 134250
20 34633 129398
21 38483 139516
22 36450 138050
23 34000 133733
24 44400 143050
25 34583 134116
26 26583 127233
27 42650 140833
28 36150 139466
29 26320 127835
30 35833 137950
31 32933 132733
32 42816 140300
33 36050 133083
34 43333 144366
35 34783 134600
36 42800 143183
37 31455 131204
38 35653 139120
39 42600 140733
40 37616 138850
41 35866 140350
42 34250 136050
43 24333 124200
44 39716 140066
45 44354 143354
46 33433 129433
47 33200 129650
48 33533 133716
49 37883 139033
50 34633 137083
51 40683 140400
52 34833 135466
53 33750 135433
54 39550 140616
55 27033 128416
56 34516 131600
57 26184 127759
58 37083 140416
59 35383 138450
60 37650 138933
61 35200 133000
62 35533 136916
63 39866 140083
64 32650 131533
65 44896 141923
66 33866 135900
67 38016 139316
68 44970 142293
69 35316 137133
70 35616 134816
71 33000 131433
72 37833 138916
73 43350 141950
74 35633 139583
75 33258 129141
76 42169 139519
77 42200 139883
78 34316 136833
79 26313 127909
80 36333 137300
81 26303 127809
82 36350 138150
83 36983 140400
84 35650 139666
85 33150 130833
86 35616 139733
87 33966 133350
88 38650 139916
89 43216 144083
90 31700 130566
91 36283 133200
92 35500 138766
93 39150 139900
94 40133 140666
95 34133 130883
96 38450 141016
97 35100 136933
98 37350 138833
99 37866 138950
100 35650 137150
101 34095 130878
102 37350 138933
103 36250 136916
104 38433 141333
105 34766 134850
106 35550 137366
107 35116 132766
108 33533 133750
109 37450 137283
110 36283 136366
111 35650 139383
112 35300 140150
113 37183 138250
114 31444 131223
115 28216 129216
116 33666 131033
117 35683 138683
118 34133 131516
119 36383 140350
120 37766 140383
121 43850 142766
122 27033 127950
123 38150 140050
124 26657 128009
125 36350 138716
126 34016 130933
127 34383 131100
128 39008 141733
129 36000 133033
130 35450 139633
131 36483 140616
132 38816 139850
133 39550 140283
134 45016 141852
135 39216 141933
136 34833 132983
137 34616 135750
138 37483 139933
139 34766 134733
140 35316 139479
141 34650 138850
142 34983 134533
143 39058 141830
144 28133 129316
145 34383 136400
146 34416 131683
147 43033 141400
148 35696 139501
149 34516 129433
150 26650 128200
151 35000 136516
152 34916 136616
153 34250 136500
154 34466 134833
155 26333 127866
156 36083 140383
157 33483 130054
158 34466 134850
159 36033 139666
160 34416 133200
161 35978 139021
162 38316 139450
163 36866 140433
164 34033 134216
165 28333 129483
166 32866 130266
167 35969 139102
168 36733 140716
169 34700 135200
170 35133 136933
171 39900 140300
172 42216 143316
173 35783 136200
174 33183 131866
175 34250 134716
176 33433 129516
177 39966 141116
178 45183 141150
179 34916 133516
180 33866 134116
181 34333 133900
182 26186 127658
183 35266 134233
184 33940 131970
185 36033 137966
186 42350 139916
187 26339 127826
188 37516 138650
189 34250 136466
190 31283 130350
191 35533 139500
192 34766 132716
193 25450 141300
194 33483 129533
195 33650 130316
196 33733 133916
197 43150 141166
198 45400 142050
199 36033 136066
200 36066 136400
201 26366 127983
202 32616 131700
203 34133 131533
204 35533 138616
205 35066 134783
206 33316 130500
207 34833 133600
208 43950 144366
209 26100 127666
210 34850 138250
211 26183 127666
212 35016 135533
213 33633 134016
214 31533 131383
215 33966 134600
216 26229 127301
217 37300 136900
218 37450 137066
219 32516 131666
220 32883 131533
221 35866 139633
222 45439 141044
223 40316 140033
224 38933 141050
225 38766 139900
226 37700 139850
227 43316 141950
228 33900 135183
229 32783 130616
230 36650 140150
231 38566 139916
232 26576 127985
233 38316 138516
234 43183 143016
235 34450 133516
236 34250 136850
237 38828 140240
238 35808 139603
239 42766 140983
240 34241 133150
241 35316 133833
242 36166 140350
243 37166 137033
244 34733 133400
245 26238 127310
246 36983 136916
247 34800 138766
248 34800 134616
249 34500 135800
250 43066 141650
251 38883 141650
252 32966 130600
253 34150 134500
254 38408 140931
255 33833 130833
256 35316 136750
257 35600 135216
258 44520 142747
259 34850 136400
260 34850 135616
261 36350 137183
262 36466 140300
263 36116 139600
264 33883 133066
265 34400 133083
266 32783 132700
267 34466 133850
268 30483 130950
269 35300 137383
270 36350 140366
271 33883 136100
272 36600 140650
273 37650 139033
274 35500 133133
275 36766 137150
276 26696 127936
277 32816 130350
278 26250 127716
279 27016 127950
280 35133 135083
281 42800 142966
282 35566 140133
283 39500 140600
284 35316 137200
285 39283 141116
286 37116 138566
287 34483 132283
288 35583 138766
289 32733 129816
290 37266 137100
291 44136 143567
292 37416 140950
293 35100 134583
294 36816 136866
295 34616 133950
296 45366 141850
297 36683 136716
298 39483 140800
299 36233 137533
300 43916 143333
301 33508 130102
302 36733 139533
303 40366 140016
304 40200 140666
305 33433 131116
306 38240 140079
307 36583 136916
308 33583 130350
309 26700 127947
310 26366 127733
311 38016 138416
312 36833 138350
313 34650 135466
314 33333 130850
315 43916 143916
316 39400 140483
317 39883 139850
318 32766 131383
319 36250 133366
320 37533 140866
321 34250 135433
322 37550 140416
323 35646 139280
324 33950 135550
325 36600 137166
326 32933 132966
327 33016 131166
328 32750 128675
329 43466 143750
330 36900 138166
331 34983 138933
332 36950 140166
333 42116 143066
334 34033 131816
335 35516 133033
336 35133 135116
337 34683 135483
338 35450 137883
339 43250 140333
340 35600 138933
341 36866 138200
342 38233 140866
343 33550 135683
344 34783 134016
345 34266 131266
346 32433 131050
347 35200 138566
348 26191 127278
349 38200 140958
350 37033 138850
351 35500 137850
352 34400 136216
353 39533 140533
354 34016 133033
355 38550 141050
356 37100 137983
357 30716 131016
358 39916 140083
359 34950 136133
360 35766 139733
361 34341 133058
362 35766 139633
363 37083 136733
364 31266 130316
365 43766 141966
366 38583 140443
367 44056 143525
368 31850 130283
369 37400 136900
370 34733 137800
371 40266 140566
372 44033 143000
373 35350 138866
374 35266 136916
375 26666 128116
376 43766 142450
377 42766 140300
378 34066 131733
379 35616 139633
380 37166 138533
381 37833 140350
382 35330 139237
383 34583 134016
384 34833 137233
385 34600 133833
386 35416 140300
387 36566 138550
388 34616 135466
389 36233 139250
390 24350 124216
391 39600 140350
392 26733 128316
393 33816 135333
394 37450 138850
395 42283 143316
396 38700 141216
397 34200 135733
398 40833 140716
399 34583 131900
400 35916 140116
401 36100 140416
402 35566 134283
403 43383 143333
404 42366 140950
405 31800 130500
406 33516 134166
407 26200 127666
408 36550 136633
409 34583 135833
410 43966 143900
411 35569 139219
412 37850 136916
413 36750 139450
414 36666 139433
415 34716 138083
416 37133 137000
417 35300 136800
418 35350 135916
419 31566 131333
420 32250 131050
421 35366 139033
422 33616 133650
423 38783 140233
424 34750 132616
425 37183 138750
426 32900 128966
427 36300 138133
428 35183 136883
429 31450 131216
430 43416 141883
431 34533 132950
432 33816 135183
433 35283 139666
434 44233 143216
435 32750 130766
436 35516 133633
437 34633 133066
438 26151 127720
439 38816 140218
440 35400 136033
441 33583 133316
442 34766 135683
443 34750 134083
444 34900 133450
445 38250 139450
446 36400 139033
447 33416 130283
448 39333 140133
449 32683 131783
450 24433 122983
451 39350 141316
452 34316 133166
453 33941 132075
454 36883 140150
455 35516 137183
456 34333 132983
457 32866 128983
458 26366 126733
459 38283 139450
460 36366 139583
461 33216 132933
462 26353 127835
463 35033 138466
464 36866 137450
465 38737 140141
466 32866 131133
467 37066 136900
468 37250 138800
469 43233 144550
470 33183 132783
471 43183 142933
472 34900 133583
473 38983 141233
474 35466 133050
475 35383 133416
476 37016 140966
477 32950 132966
478 41216 140550
479 36316 138433
480 35547 139265
481 33850 134500
482 31366 130366
483 34200 135316
484 33533 133816
485 24450 122933
486 44883 142600
487 33150 129733
488 42700 140066
489 35900 139783
490 35560 139250
491 38182 140954
492 30450 130183
493 36650 139966
494 38000 139266
495 42983 144483
496 26591 127982
497 33550 133550
498 36416 136633
499 34716 135483
500 35350 139320
501 35466 134583
502 33450 133200
503 45016 141783
504 36316 137283
505 34883 132666
506 43783 144500
507 34933 132100
508 26676 128019
509 35516 133233
510 42383 140916
511 43400 143816
512 43016 144916
513 39050 140433
514 34216 132016
515 41983 143233
516 42050 143316
517 32450 130766
518 39300 141700
519 34716 137383
520 32100 130583
521 34866 137016
522 36283 136650
523 34800 133166
524 33550 133133
525 42450 142683
526 26366 127816
527 34266 131350
528 33500 132550
529 36750 136700
530 43633 142583
531 35424 139301
532 36050 139266
533 37400 139466
534 34250 134333
535 33016 132500
536 37433 140583
537 31516 131366
538 37500 137283
539 34333 131416
540 34650 136516
541 38466 140333
542 35016 132383
543 39333 140450
544 40750 140516
545 38400 141423
546 35866 136500
547 32983 129066
548 40150 140316
549 42916 141366
550 35150 138166
551 35413 139467
552 34005 131357
553 33083 129700
554 35610 139149
555 43316 141416
556 33520 129952
557 30633 130950
558 37583 139916
559 35366 138433
560 40833 140283
561 35066 136850
562 43083 144500
563 41816 141166
564 33950 135466
565 37366 140433
566 26783 128316
567 30416 130866
568 42333 140933
569 32866 128891
570 33900 135966
571 36166 133233
572 40416 141700
573 31833 129916
574 38316 139616
575 35083 136300
576 39983 141733
577 34616 137116
578 26650 127933
579 33897 132283
580 33616 133166
581 34316 132683
582 32116 130250
583 38483 139566
584 34116 133650
585 36700 137316
586 33441 129941
587 36350 138633
588 34316 136400
589 37683 139483
590 36550 136966
591 34450 133200
592 26700 128283
593 44150 145300
594 26419 127819
595 34133 132191
596 35016 136450
597 33666 133400
598 36466 140283
599 31456 131219
600 42583 140600
601 36166 137250
602 38716 141216
603 26326 127889
604 34216 135183
605 34066 131750
606 31423 131036
607 34466 134150
608 35500 139716
609 34150 129183
610 41000 141383
611 36366 136416
612 31283 131066
613 35677 139400
614 43050 141466
615 35150 138616
616 36150 136900
617 34366 135283
618 41550 140266
619 36216 139300
620 34033 131100
621 32966 131083
622 34400 135316
623 34366 132000
624 35516 139700
625 39583 140566
626 39666 140116
627 39983 140400
628 35300 132900
629 33347 130021
630 35966 138666
631 34800 135633
632 33541 130166
633 38000 139966
634 44083 143733
635 36600 136633
636 26366 127866
637 39950 140216
638 38695 140236
639 34933 136816
640 36500 137233
641 32583 129750
642 34600 133466
643 35600 139750
644 38783 141500
645 28350 130016
646 34966 138500
647 39683 140983
648 35383 140183
649 39216 141866
650 43816 145083
651 34883 133266
652 30383 130933
653 40750 140333
654 35533 140083
655 33200 132500
656 38016 140183
657 35733 137933
658 33200 130116
659 35533 140116
660 31343 131041
661 43633 145200
662 26634 128066
663 35683 139833
664 40266 140250
665 37533 140133
666 35533 139450
667 42069 139478
668 31416 130516
669 38516 141050
670 39650 140216
671 34766 134433
672 31766 130483
673 40933 140866
674 38400 141150
675 43933 143716
676 37400 140383
677 35833 139400
678 34050 131816
679 34400 135433
680 37766 139233
681 34750 139016
682 38372 140789
683 38283 139516
684 26600 127966
685 40800 140766
686 35523 139717
687 36716 138900
688 37733 138833
689 38600 140933
690 42074 139491
691 33900 132016
692 35116 132383
693 35033 138250
694 32966 130500
695 35733 137966
696 38000 140733
697 37266 140200
698 37500 139700
699 32683 130666
700 39950 141066
701 44516 141983
702 33100 129750
703 36916 137916
704 35733 137000
705 37566 140983
706 31733 131100
707 34883 135800
708 36166 136283
709 42950 144533
710 35950 140316
711 35315 139631
712 34150 131350
713 40083 140066
714 37066 136933
715 35650 135966
716 42450 140850
717 35208 132475
718 33600 135816
719 40033 141433
720 39600 140333
721 38716 141516
722 32183 131200
723 26433 127777
724 28333 129966
725 32033 131433
726 35962 139356
727 34683 135183
728 35233 134783
729 26171 127772
730 32950 132983
731 35550 139216
732 34516 135783
733 31783 130183
734 33200 130200
735 37750 138933
736 38483 140366
737 36566 140633
738 39680 141980
739 35516 133200
740 36183 140083
741 44333 142883
742 38801 140908
743 34166 133916
744 36150 138483
745 33686 132636
746 42231 139542
747 35559 139181
748 26133 127666
749 32166 130600
750 34116 132500
751 35600 137100
752 33066 131350
753 26323 127906
754 35250 137750
755 32283 130983
756 36033 140216
757 38192 140051
758 35566 133133
759 35316 139366
760 33463 129958
761 38270 140762
762 43583 144283
763 43883 142116
764 34633 132633
765 35683 140433
766 32583 128750
767 36533 138333
768 34600 137183
769 35288 139109
770 37416 140416
771 44363 141703
772 34433 133250
773 33246 131876
774 33166 130483
775 36383 139083
776 36583 137083
777 34800 137016
778 42750 141716
779 35883 140500
780 34233 132466
781 34783 137183
782 35483 135450
783 34950 133333
784 35050 138533
785 34933 138083
786 35568 139065
787 42866 142450
788 35133 139850
789 37233 140850
790 31291 131075
791 44608 142234
792 38004 140196
793 35572 139026
794 34716 132433
795 35216 133316
796 35866 137200
797 38800 140983
798 35283 132900
799 36266 138333
800 34100 133183
801 36983 140850
802 35300 136733
803 42750 141983
804 31416 130266
805 39350 141766
806 34983 139783
807 33833 135683
808 39700 140116
809 35300 137150
810 26700 127959
811 38966 139866
812 33566 134183
813 31700 130450
814 33650 133600
815 35416 139666
816 31616 130800
817 35350 137416
818 32833 130716
819 35583 134316
820 38224 140062
821 37366 138550
822 38884 140338
823 27800 128983
824 34616 136083
825 36333 138550
826 33166 131833
827 34866 134916
828 36100 140016
829 34250 135316
830 35733 139733
831 33434 130047
832 36233 140183
833 36600 136600
834 35283 132716
835 43733 142983
836 32483 131483
837 35316 139350
838 38287 140690
839 26198 127364
840 36800 136783
841 37166 136683
842 35300 135316
843 36800 138316
844 34850 137633
845 43883 142533
846 35100 132700
847 33683 130783
848 43633 142633
849 45340 142158
850 31466 131216
851 33983 135783
852 37183 138566
853 35200 139616
854 34733 135583
855 35650 138566
856 33033 130450
857 35500 139733
858 40166 140400
859 43850 142700
860 41750 140183
861 36133 137716
862 26218 127670
863 34216 134733
864 43766 142283
865 34800 136866
866 32333 131600
867 26083 127666
868 38403 140848
869 34083 132450
870 36083 137116
871 41033 140333
872 34000 132800
873 42300 142450
874 32050 130516
875 38293 140304
876 42214 139450
877 42433 139850
878 39300 141900
879 35916 139213
880 38983 141116
881 35766 138550
882 34116 134583
883 45233 141266
884 41966 140700
885 38491 139550
886 32950 132066
887 36500 138600
888 35200 136866
889 38100 140066
890 33883 134666
891 37916 139066
892 35666 138550
893 40133 140950
894 33941 132266
895 26279 127810
896 36000 139239
897 40183 140233
898 26600 128116
899 43133 143366
900 33133 131816
901 37750 139983
902 34816 131966
903 33206 129450
904 33239 131607
905 33116 129700
906 39416 140750
907 38483 141133
908 35250 140400
909 35330 139896
910 34983 135816
911 35100 138566
912 26325 127952
913 35516 136850
914 41900 141016
915 34650 137150
916 36266 138466
917 40250 140400
918 34333 135700
919 35018 139006
920 37150 140166
921 32633 129833
922 37233 136966
923 35808 139723
924 34950 132633
925 37650 139300
926 34816 137683
927 39100 141183
928 42016 143150
929 26348 127845
930 34453 129372
931 42783 141450
932 35966 138550
933 34550 133116
934 32838 129063
935 39083 141841
936 33716 135400
937 42416 143166
938 38183 139466
939 36450 137250
940 36050 136950
941 28250 129250
942 35291 132650
943 36550 138633
944 35550 134366
945 26436 127765
946 33266 129583
947 42600 143100
948 35433 133383
949 32716 130800
950 32050 130816
951 34916 137050
952 26507 127875
953 34633 129333
954 36550 136766
955 33466 131250
956 34683 139383
957 35600 137316
958 34700 132066
959 27050 128433
960 34733 138983
961 35650 134833
962 32750 129950
963 37433 137333
964 33216 131216
965 35616 139550
966 34983 132616
967 34650 138966
968 37683 139133
969 44295 142450
970 35016 134216
971 39566 140333
972 34800 135350
973 34500 135733
974 39033 141533
975 26382 127870
976 37216 138633
977 34600 133766
978 35666 139716
979 43300 145533
980 36566 137366
981 34600 136500
982 35900 140533
983 35433 132750
984 35150 138766
985 34750 138250
986 31916 130483
987 45100 141283
988 26242 127752
989 35416 139050
990 43483 142183
991 34800 134750
992 42150 143333
993 34050 131800
994 36033 139033
995 26133 127750
996 37333 138883
997 44933 142216
998 35750 136033
999 38622 140213
1000 34433 130983
