980
1 49525 5940
2 49525 5940
3 49738 6345
4 49608 6405
5 49796 6155
6 49828 5764
7 49757 6353
8 49716 6490
9 49533 6316
10 49716 6490
11 49616 6233
12 49533 6316
13 49501 6352
14 50053 5919
15 49967 5890
16 50053 5919
17 49623 6136
18 49650 6050
19 49968 5931
20 49988 5999
21 49988 5999
22 50140 6023
23 49650 6050
24 49968 5931
25 49938 6156
26 49850 6116
27 49541 6021
28 49750 6200
29 49719 6200
30 49511 5873
31 50053 5919
32 50155 6053
33 50155 6053
34 49816 6088
35 49888 6067
36 49523 6342
37 49538 6284
38 50137 6075
39 49566 6116
40 49623 6136
41 49600 6150
42 49866 6216
43 49866 6216
44 49963 6124
45 49540 6200
46 49833 6382
47 50104 5946
48 49963 6124
49 49972 5941
50 50038 5989
51 49691 6388
52 49816 6250
53 49816 6250
54 49623 6136
55 49944 5785
56 49710 6500
57 49854 6095
58 49800 5866
59 49944 5785
60 49658 6137
61 49926 6173
62 49555 6287
63 49788 6286
64 49816 6300
65 49985 6126
66 49985 6126
67 49836 5906
68 49803 6000
69 49935 6208
70 49511 5873
71 49769 5982
72 50075 6046
73 50001 6145
74 50121 6000
75 49628 6278
76 49717 6010
77 49717 6010
78 50064 5883
79 50121 6000
80 50046 5878
81 50064 5883
82 49570 6280
83 49960 5860
84 49916 5783
85 49916 5783
86 49894 6163
87 49700 6433
88 49475 6042
89 49950 5796
90 49897 6183
91 49911 5995
92 49561 6221
93 49903 5780
94 49903 5780
95 49620 6073
96 49967 6167
97 49967 6167
98 50078 5958
99 49676 6123
100 49696 5920
101 49811 6478
102 49661 5919
103 49866 6216
104 49536 6029
105 49830 6171
106 49816 5866
107 49562 6364
108 49581 5966
109 49965 5826
110 49965 5826
111 49525 5940
112 49701 5967
113 49628 6104
114 49701 5967
115 50010 6026
116 49701 5967
117 49628 6104
118 49641 6239
119 50018 5948
120 49853 6187
121 49716 6133
122 49830 5854
123 49830 5854
124 49722 5927
125 49511 6356
126 49511 6356
127 49746 5971
128 49716 6216
129 49620 6268
130 49797 6159
131 49605 6258
132 49582 5956
133 49744 6170
134 49718 6092
135 49683 5950
136 50181 6025
137 49933 6063
138 49990 5857
139 49578 6058
140 49578 6058
141 49990 5857
142 49716 6133
143 50010 5852
144 49506 6012
145 49830 6098
146 49590 6316
147 49590 6316
148 49471 6365
149 49775 6360
150 49893 6044
151 49792 5975
152 49804 6253
153 49548 5928
154 50099 5997
155 49548 5928
156 49613 6218
157 49695 5870
158 49727 5986
159 49695 5870
160 50080 5975
161 49460 6033
162 49460 6033
163 49955 5924
164 49786 6096
165 49797 6504
166 49786 6096
167 49662 6302
168 49691 6002
169 49794 5821
170 49794 5821
171 49662 6302
172 49866 5773
173 49866 5773
174 49834 5742
175 49622 6107
176 49741 6114
177 49548 6317
178 49546 5856
179 49548 6317
180 49542 6150
181 49567 6285
182 49567 6285
183 49574 6034
184 49567 6285
185 50036 6131
186 50055 6083
187 49531 5847
188 49682 6289
189 49691 6002
190 49779 5935
191 49546 5840
192 49751 5957
193 49734 6319
194 49916 6011
195 49850 5901
196 50080 5975
197 50057 6037
198 49746 6260
199 49545 6366
200 49488 6351
201 49868 6267
202 49797 5953
203 49773 5928
204 49765 5890
205 49765 5890
206 49765 5890
207 49960 5860
208 49533 6316
209 49562 6008
210 49749 6083
211 49749 6083
212 49562 6008
213 49656 6233
214 49656 6233
215 49830 5845
216 49960 6143
217 49616 6166
218 49717 6120
219 49717 6120
220 49801 5939
221 49673 6400
222 49673 6400
223 49536 6029
224 49960 5860
225 49791 5934
226 49770 6109
227 49770 6109
228 49549 6000
229 49994 6013
230 50012 6091
231 49916 6000
232 49916 6000
233 49616 6133
234 49916 6000
235 49770 6109
236 49779 5809
237 49558 5880
238 49558 5880
239 49811 5765
240 49524 6129
241 50107 6007
242 49778 6441
243 49783 5904
244 49657 6000
245 49668 6330
246 49676 6315
247 49616 6266
248 49596 6260
249 50016 5860
250 49950 6066
251 49833 6100
252 49730 5843
253 49833 6016
254 49513 5896
255 49577 5910
256 49777 6150
257 49848 6035
258 50007 6146
259 49646 6400
260 49768 5820
261 50156 5978
262 49653 6241
263 49941 5882
264 49675 6008
265 49786 6174
266 49789 5857
267 49509 6056
268 49979 5910
269 49742 5926
270 49947 5979
271 49701 5916
272 49969 5923
273 50011 5843
274 49933 6066
275 49833 6100
276 49755 5912
277 49833 6016
278 49536 5893
279 49567 5910
280 49855 6047
281 49631 6403
282 49758 5826
283 50145 5983
284 49883 6200
285 49647 6260
286 49877 5887
287 50080 5921
288 49900 5950
289 49700 5900
290 49616 6233
291 49566 5933
292 49619 6240
293 49616 6156
294 49623 6136
295 50028 6066
296 49855 6047
297 49789 5857
298 49948 6129
299 49629 6267
300 50033 6038
301 49693 6442
302 49784 6310
303 49680 6130
304 49631 6119
305 49680 6130
306 49585 6255
307 49733 6216
308 49700 6116
309 49738 6500
310 49748 6106
311 49533 5988
312 49505 6281
313 49533 5988
314 49746 6465
315 49867 6239
316 49768 6116
317 49738 6500
318 49866 5833
319 49866 5833
320 49818 6020
321 49818 6020
322 49818 6020
323 49900 6091
324 49761 6188
325 49833 6007
326 49833 6007
327 49696 6481
328 49954 6106
329 49871 5972
330 49954 6106
331 49871 5972
332 49748 6106
333 49603 6095
334 49962 5981
335 49962 5981
336 49962 5981
337 49816 5866
338 49962 5981
339 49650 6303
340 49691 6059
341 49572 6248
342 49801 6218
343 50040 6017
344 49923 5872
345 50040 6017
346 49923 5872
347 49600 6250
348 49883 5900
349 50117 5992
350 49930 6037
351 49900 6209
352 49866 5773
353 49954 6106
354 50053 6061
355 49710 6061
356 50051 6074
357 49702 6426
358 49627 6023
359 49800 5866
360 49757 6353
361 49716 6183
362 49789 5839
363 49789 5839
364 49701 5916
365 49810 5918
366 49733 6133
367 49668 6330
368 49700 5983
369 49779 5935
370 49516 6166
371 49883 6233
372 49750 5850
373 49700 6283
374 49566 5933
375 49766 6450
376 49822 5855
377 49516 5850
378 49833 6183
379 49655 6434
380 49655 6434
381 49611 6130
382 49611 6130
383 49909 5890
384 50060 5941
385 49859 5851
386 49859 5851
387 49694 6142
388 49694 6142
389 49898 6205
390 49530 6120
391 49918 6086
392 49715 6133
393 49565 5886
394 49620 6121
395 49558 5980
396 50124 6110
397 49910 5877
398 49739 5856
399 49568 6065
400 49611 6130
401 50070 5978
402 49598 6368
403 49983 6014
404 49799 6086
405 49983 6014
406 49716 6436
407 50160 6108
408 49800 6100
409 49790 6388
410 50119 6083
411 49525 5837
412 49776 6221
413 49798 5835
414 49789 5839
415 49924 6130
416 49620 6121
417 49546 5856
418 49546 5856
419 49516 5850
420 49596 5875
421 49596 5875
422 49870 5903
423 49791 6132
424 49701 5916
425 49701 5916
426 49535 6146
427 49670 5950
428 49664 6073
429 49974 6054
430 49838 5840
431 49670 5950
432 49728 6210
433 49561 6112
434 50069 6070
435 50069 6070
436 49750 6306
437 49741 6018
438 50013 5964
439 49741 6018
440 50054 6031
441 49532 6355
442 50019 5968
443 49646 5916
444 49623 6149
445 49903 6135
446 49674 6320
447 49694 6069
448 49900 6037
449 49668 6035
450 49489 6039
451 49952 6020
452 49921 5903
453 49739 5970
454 49866 6233
455 49634 6355
456 49645 5990
457 49644 5984
458 49778 5895
459 50102 6113
460 49631 5917
461 49707 6253
462 49883 6200
463 49716 6366
464 49716 6366
465 49816 5950
466 49584 6173
467 49474 6079
468 49950 5796
469 49950 5796
470 49901 5884
471 49851 6134
472 49697 6197
473 49599 6387
474 49736 5898
475 50096 6059
476 49696 6131
477 49516 6065
478 50164 6015
479 50181 6025
480 50164 6015
481 50133 6066
482 49722 5907
483 49950 5800
484 49810 5866
485 49650 6235
486 49810 5866
487 49650 6235
488 50017 6093
489 49938 6156
490 49938 6156
491 49973 6091
492 49947 6081
493 49810 5918
494 49810 5918
495 49810 5918
496 50083 6000
497 49985 6073
498 49616 5990
499 49807 5791
500 49807 5791
501 49602 6124
502 50123 6049
503 49713 6050
504 49947 6081
505 49632 6220
506 50099 5923
507 49883 6258
508 49566 5933
509 49632 6220
510 49688 5914
511 49607 5932
512 49776 6515
513 49873 5931
514 49568 6151
515 49750 6328
516 49873 5931
517 49741 6427
518 49734 6336
519 49652 6141
520 49687 6143
521 49506 6150
522 49857 5880
523 49950 5796
524 49857 5880
525 49668 6142
526 50046 5904
527 49668 6142
528 50096 6088
529 49903 5962
530 49888 5978
531 49762 6241
532 49683 5933
533 49950 6066
534 49833 6016
535 49825 5751
536 49848 6035
537 49768 5820
538 49577 5910
539 50156 5978
540 49520 6186
541 49548 6209
542 49931 5790
543 49606 6168
544 50046 5904
545 49812 6282
546 49857 5880
547 49649 5931
548 49687 6365
549 49566 5933
550 49873 5931
551 50108 5923
552 49900 5900
553 49835 6331
554 49616 6133
555 49984 5872
556 49984 5872
557 49827 5967
558 49880 6221
559 49762 6033
560 50083 6060
561 49673 6400
562 49674 6441
563 49762 6033
564 49762 6033
565 49633 6200
566 49633 6200
567 49853 5915
568 49853 5915
569 49831 6093
570 49583 6359
571 49709 5988
572 49734 6287
573 49630 5891
574 49630 5891
575 49936 6101
576 49660 5981
577 49619 6354
578 49726 6116
579 49921 5968
580 49921 5968
581 49688 6248
582 49660 5981
583 49660 5981
584 49921 5968
585 49822 5855
586 50149 6013
587 50149 6013
588 49669 5965
589 49922 6054
590 49728 6231
591 50149 6013
592 49742 6480
593 49742 6480
594 49767 6498
595 49777 6499
596 49767 6498
597 49866 6182
598 49759 6387
599 49750 6000
600 49585 6123
601 49616 5952
602 49600 6166
603 49695 5870
604 50107 6007
605 49666 6416
606 49666 6416
607 49515 6191
608 49816 5866
609 49915 6196
610 50181 6025
611 49938 6156
612 49903 5962
613 49814 5874
614 49843 6204
615 49529 6010
616 49899 5812
617 49836 5789
618 49661 6343
619 49836 5789
620 49836 5789
621 49836 5789
622 50075 6068
623 50075 6068
624 49739 6187
625 49695 5870
626 49759 6041
627 49603 5900
628 49623 6202
629 49532 6248
630 49855 6047
631 49511 5873
632 49650 6050
633 49750 6200
634 49511 5873
635 49816 6116
636 49799 6086
637 49531 5847
638 49533 6316
639 49866 5833
640 49866 5773
641 49859 5851
642 49634 6355
643 49883 6166
644 49633 6200
645 49933 5800
646 49666 6416
647 49843 6204
648 49933 5800
649 50150 6050
650 49511 5873
651 49507 6287
652 49616 6216
653 49531 5847
654 49562 6153
655 50012 6091
656 49519 6078
657 49776 6221
658 49933 6216
659 49774 5955
660 49847 6104
661 49847 6104
662 49778 6116
663 50062 6003
664 49711 6310
665 49997 5948
666 49711 6310
667 49911 5936
668 49495 5980
669 49950 5796
670 49823 5888
671 49886 5936
672 49911 5936
673 49495 5980
674 49911 5936
675 49574 6275
676 49864 6114
677 49544 6327
678 49978 5948
679 49864 6114
680 49544 6327
681 49978 5948
682 49765 6221
683 49675 6247
684 49510 5943
685 49829 6222
686 49844 6249
687 49999 5992
688 49599 6387
689 50093 5956
690 50093 5956
691 49486 6291
692 49724 5917
693 49505 6316
694 49724 5917
695 49505 6316
696 49778 5895
697 49778 5895
698 49520 6298
699 49763 5857
700 49686 6185
701 49685 5878
702 49628 6131
703 49717 5950
704 49599 6387
705 50093 5956
706 50093 5956
707 49524 5966
708 49548 6016
709 49805 6422
710 49480 6087
711 49480 6087
712 50133 6019
713 50133 6019
714 50133 6019
715 49617 6393
716 50017 6006
717 50039 6079
718 50039 6079
719 50036 6071
720 50062 5955
721 50062 5955
722 49970 5837
723 49629 6139
724 50062 5955
725 49921 6038
726 49588 5983
727 49853 6319
728 49853 6319
729 49726 5841
730 49524 5891
731 49524 5891
732 49921 6038
733 49867 6155
734 49726 5841
735 49777 6472
736 49973 6091
737 50015 5889
738 49921 6038
739 49859 5961
740 50065 5963
741 50093 5956
742 49507 6287
743 49540 6259
744 49602 5948
745 49935 5975
746 49791 6132
747 50057 5898
748 49535 6146
749 49581 6226
750 49974 6054
751 49773 6338
752 49768 5820
753 49758 5826
754 49810 6097
755 49761 6303
756 49761 6303
757 50054 6031
758 50054 6031
759 49596 5875
760 49611 6136
761 49866 6183
762 49866 6183
763 49866 6183
764 50107 6007
765 49781 6273
766 49761 6188
767 49933 6216
768 49617 6393
769 49826 6091
770 49933 6216
771 49589 6106
772 49645 5990
773 49644 5984
774 49606 6325
775 49725 5964
776 49758 6478
777 49827 5935
778 49750 6008
779 49910 6067
780 49485 6323
781 49900 5858
782 49883 6098
783 49491 6092
784 49933 5941
785 49492 6069
786 49658 6364
787 49981 5906
788 49859 5851
789 49723 6342
790 49723 6342
791 49723 6342
792 49736 6023
793 49853 6187
794 49658 6082
795 49770 6304
796 49706 6340
797 49770 6304
798 50124 6063
799 49855 5903
800 49912 6140
801 49656 6049
802 50021 5911
803 50083 5992
804 49775 6015
805 49775 6015
806 49733 6133
807 49553 6329
808 49758 6478
809 49910 6067
810 49697 6219
811 49900 5858
812 49701 6018
813 49887 5816
814 49717 6355
815 49717 6355
816 49754 6513
817 49594 6150
818 49903 5888
819 49851 5793
820 49903 5888
821 50058 6066
822 49974 5843
823 49683 6141
824 49775 6015
825 49921 5849
826 49921 5849
827 49775 6015
828 50046 5934
829 50046 5934
830 50046 5934
831 49923 5997
832 50012 6052
833 50012 6052
834 50012 6052
835 49923 5997
836 49738 6267
837 49697 6170
838 50118 5979
839 49702 6374
840 49960 6192
841 49544 6137
842 49960 6192
843 49787 6069
844 50083 6000
845 49826 6091
846 49616 6216
847 49616 6216
848 49616 6216
849 49544 6137
850 50118 6038
851 49857 5825
852 49759 6239
853 49851 5793
854 49860 6288
855 49626 6336
856 49683 6350
857 49876 6218
858 49518 6102
859 49917 6227
860 49795 5941
861 49575 5983
862 49575 5983
863 49611 6050
864 49743 6115
865 49952 5856
866 49758 6116
867 49677 6359
868 49525 6042
869 49813 6089
870 49766 5866
871 49677 6359
872 49843 6268
873 49656 6127
874 49813 6350
875 49540 6129
876 49540 6129
877 49727 6393
878 49512 5929
879 49510 5943
880 49512 5929
881 50165 6088
882 49723 6302
883 49649 6128
884 49835 6291
885 49730 5887
886 49746 6363
887 49528 6353
888 49835 6291
889 49921 5849
890 49887 5816
891 49891 6165
892 49833 6016
893 49758 5826
894 49898 5820
895 49883 5900
896 49567 5910
897 50145 5983
898 50046 5878
899 49668 6330
900 49516 5850
901 50012 6091
902 49900 6050
903 50097 5973
904 49900 6050
905 49552 6315
906 49522 6224
907 49861 5843
908 49702 6043
909 49756 6160
910 49766 5866
911 49565 6163
912 49510 6257
913 49744 6328
914 49744 6328
915 49715 6216
916 49700 5983
917 49971 6009
918 50036 5870
919 49531 5847
920 49624 6421
921 49533 5900
922 49533 6080
923 49474 6079
924 49511 5873
925 49513 5896
926 49531 5847
927 49536 5893
928 49562 6008
929 49575 5983
930 49578 6058
931 49589 6106
932 49656 6049
933 49696 5920
934 49701 5916
935 49741 6018
936 49759 6041
937 49798 5835
938 49799 6086
939 49484 6097
940 49530 6355
941 49565 6163
942 49590 6316
943 49619 6240
944 49632 6220
945 49629 6267
946 49674 6320
947 49716 6490
948 49759 6239
949 49757 6353
950 49759 6387
951 49784 6310
952 49796 6155
953 49790 6388
954 49834 5742
955 49851 6134
956 49859 5851
957 49866 5773
958 49899 5812
959 49900 5858
960 49903 5962
961 49903 6135
962 49923 5878
963 49974 5843
964 49981 5906
965 50012 6091
966 50040 6017
967 50039 6079
968 50046 5878
969 50046 5934
970 50062 5955
971 50065 5963
972 50080 5921
973 50093 5956
974 50155 6053
975 50181 6025
976 50108 5923
977 49880 6221
978 49894 6163
979 49926 6173
980 49938 6156
