1000
1 14991 8390
2 13616 12541
3 961 10768
4 19110 7120
5 19638 2401
6 18718 10500
7 13355 2977
8 8786 6099
9 6242 12200
10 22 5807
11 17490 5792
12 14198 14154
13 13578 10828
14 2497 7141
15 8189 16845
16 945 1313
17 341 7024
18 11127 12824
19 5410 1181
20 1056 706
21 4503 2426
22 1071 1320
23 2578 14340
24 3361 19726
25 5340 3454
26 12011 13263
27 18204 7961
28 11661 8063
29 5498 5878
30 6501 8801
31 17100 12529
32 5866 12946
33 8443 6746
34 2398 9424
35 7461 5479
36 19969 1693
37 6260 12818
38 7271 5219
39 18252 165
40 2097 11381
41 5179 11055
42 16753 943
43 11810 14584
44 16528 1940
45 4035 6398
46 6772 16688
47 12701 7660
48 18456 6625
49 6918 8193
50 13459 7782
51 17315 15086
52 3326 8600
53 10673 7704
54 13845 14902
55 18443 10009
56 14798 5130
57 12834 15070
58 7157 450
59 11987 7618
60 5544 8385
61 4172 2874
62 15162 1823
63 14956 5794
64 18762 7238
65 9579 13500
66 3683 10540
67 7989 593
68 3172 17190
69 14039 7386
70 17375 189
71 10722 20
72 13700 17469
73 8692 9777
74 19141 4285
75 6382 6534
76 4817 5621
77 331 1691
78 7550 5717
79 5527 9697
80 100 4522
81 4739 16247
82 5420 11871
83 19569 3722
84 5828 12450
85 16127 18084
86 9218 8459
87 15799 846
88 10614 17286
89 12894 7178
90 12156 7414
91 15069 6948
92 12447 13744
93 5818 1938
94 734 6982
95 13647 15932
96 121 2113
97 17240 269
98 8254 3828
99 15859 1199
100 1753 5655
101 12794 11725
102 4460 179
103 14323 14226
104 14265 7398
105 12885 15913
106 12723 13509
107 17804 3408
108 14934 19530
109 13067 3515
110 4508 14075
111 11729 14662
112 2290 1065
113 3727 4222
114 6969 4320
115 14168 8252
116 4489 11951
117 17216 1479
118 10464 6284
119 11815 16152
120 11594 16912
121 17756 1067
122 692 1411
123 7617 11908
124 14392 10884
125 15314 10590
126 5645 4103
127 1202 7508
128 15362 2035
129 12689 8628
130 3663 1005
131 19375 607
132 14535 1638
133 11138 18094
134 6080 13998
135 17156 2082
136 74 2189
137 8417 7204
138 14483 9467
139 12843 284
140 8558 16828
141 13521 10635
142 3687 2827
143 18187 2361
144 2038 3426
145 10076 6262
146 12941 7069
147 12431 1735
148 11025 8794
149 1149 17767
150 4056 6595
151 18522 12009
152 14893 6412
153 4024 7231
154 11585 18
155 19677 7608
156 19691 7656
157 12288 4600
158 1301 5131
159 14489 7419
160 11060 16521
161 18633 5009
162 2130 1207
163 9278 7573
164 4374 9796
165 4313 9642
166 18332 6929
167 18122 3833
168 19538 9116
169 15470 1016
170 16314 11986
171 7812 17779
172 12916 16096
173 14664 7219
174 18983 1303
175 1388 15098
176 16598 2419
177 16336 9484
178 11720 19518
179 16759 534
180 8289 5865
181 18519 6931
182 636 1159
183 8529 12064
184 17456 712
185 7281 4795
186 2273 6693
187 2083 7692
188 13928 4748
189 1107 11656
190 941 9458
191 18218 3007
192 15212 6420
193 19106 3151
194 7667 6224
195 3115 4383
196 14587 2971
197 10423 17304
198 3332 10471
199 12819 2663
200 14249 13614
201 409 16114
202 12918 9721
203 6706 530
204 1702 7010
205 16694 3843
206 19715 10003
207 5114 10266
208 6679 17303
209 6742 9981
210 3421 5131
211 19047 7912
212 8821 19429
213 12015 10067
214 4157 16683
215 18590 2535
216 12864 6642
217 17534 5918
218 13074 14900
219 12988 3789
220 12886 1914
221 3737 10135
222 6275 5945
223 18859 3199
224 10413 8326
225 14276 5442
226 1601 454
227 16036 9148
228 8350 16404
229 5384 2063
230 11528 417
231 1327 15676
232 5971 3542
233 13391 14307
234 14610 13217
235 14347 9776
236 8895 17575
237 5670 9643
238 15072 6526
239 16442 1202
240 1002 12115
241 13841 9373
242 204 7252
243 10927 17018
244 6764 15822
245 5724 8531
246 18258 2525
247 537 12488
248 10840 7913
249 748 1489
250 2904 1060
251 13557 9200
252 13670 10792
253 18985 4059
254 916 13353
255 15339 10989
256 11009 17126
257 16225 12932
258 6988 9732
259 552 10148
260 7261 6478
261 17415 18478
262 4831 10361
263 4583 19647
264 17207 19355
265 9794 10824
266 3300 6512
267 13282 7159
268 19428 768
269 1373 7994
270 17582 453
271 7641 16976
272 13159 5092
273 4731 5225
274 19104 2970
275 17937 9846
276 12836 14338
277 13820 2521
278 5182 9163
279 13717 7621
280 706 12074
281 3899 2022
282 18699 1828
283 19788 8177
284 9466 8308
285 3956 3177
286 4923 14981
287 7467 5993
288 5713 8280
289 5976 19887
290 16285 9208
291 13020 5482
292 2483 19682
293 5359 12005
294 12923 14686
295 5891 8037
296 17250 3978
297 10296 8769
298 8692 508
299 14573 5121
300 17715 296
301 19973 3326
302 8291 16971
303 19471 600
304 3204 103
305 14417 6341
306 10960 12276
307 7504 12114
308 14761 3874
309 17598 202
310 11587 15321
311 10420 17495
312 4982 13677
313 6398 9532
314 13289 10783
315 8140 6735
316 6643 16119
317 9151 10559
318 12632 16264
319 15991 14034
320 5218 5287
321 8129 7777
322 1107 981
323 3616 6445
324 17477 19954
325 4636 13616
326 11557 9262
327 4567 4791
328 5830 3614
329 14477 14285
330 12936 4388
331 15083 3528
332 1882 16450
333 130 8096
334 11692 8856
335 12625 16064
336 5682 11690
337 11415 13463
338 7163 5255
339 5161 17287
340 13925 361
341 12811 16743
342 14521 1336
343 12735 7746
344 13266 1734
345 5618 4041
346 17858 8834
347 14353 5971
348 6723 829
349 7655 19245
350 16382 2337
351 10345 86
352 14118 1231
353 2572 837
354 13414 15745
355 5465 8194
356 17100 4214
357 4466 1926
358 6640 19891
359 1989 16468
360 17499 16274
361 1210 7963
362 6961 8371
363 18891 3455
364 10482 7618
365 14828 4821
366 16827 2904
367 5482 6659
368 4053 2029
369 19766 17547
370 13764 14984
371 12446 1053
372 15716 1914
373 7148 7996
374 1485 6013
375 4821 660
376 5546 3487
377 6022 19678
378 6444 18744
379 11404 780
380 12027 14951
381 1699 1094
382 16291 394
383 15714 16973
384 4171 12624
385 9557 16712
386 11300 14596
387 15643 9728
388 9143 334
389 7615 6836
390 13914 3053
391 14968 16538
392 2711 5142
393 5375 3158
394 5311 7073
395 5631 6703
396 15203 1696
397 19539 2640
398 12053 14648
399 11860 9495
400 13470 1512
401 1826 2236
402 19887 2894
403 11525 17671
404 4341 11931
405 2360 11398
406 14038 11621
407 4322 19106
408 4489 2767
409 6336 4210
410 12700 64
411 11725 8338
412 13812 6579
413 2601 9403
414 6564 14469
415 18740 4633
416 16219 1620
417 15941 10301
418 6143 6627
419 1765 160
420 2534 3852
421 3999 3050
422 6990 7187
423 10562 17977
424 10503 17146
425 8250 7540
426 139 689
427 19129 2397
428 4083 8442
429 8378 5475
430 18462 3221
431 5928 7543
432 18787 8891
433 8047 5707
434 16439 16507
435 1676 17220
436 13531 9350
437 12634 80
438 3386 7384
439 2258 4997
440 181 1009
441 12510 6880
442 5457 3462
443 12040 15826
444 4739 7985
445 18946 2376
446 13538 2595
447 17697 4374
448 19255 1635
449 3906 4800
450 4472 1797
451 1028 4547
452 1161 9559
453 3165 5100
454 14403 7250
455 15185 13505
456 9179 17283
457 4704 9603
458 415 8234
459 12260 15919
460 11678 18947
461 6700 7441
462 10757 18712
463 7426 7805
464 15205 7842
465 4276 3263
466 3947 7895
467 12388 15011
468 2889 1930
469 18592 16503
470 1063 1812
471 3881 8303
472 962 11586
473 3594 8935
474 4701 9870
475 18306 10006
476 9937 18984
477 15433 6431
478 17859 11712
479 17736 1715
480 13808 8555
481 18655 15721
482 3441 7875
483 2560 15411
484 5986 1432
485 2872 10368
486 14846 854
487 14529 11847
488 10258 8455
489 1271 13807
490 2754 15211
491 13601 11824
492 1550 5397
493 14598 4503
494 12780 14572
495 13165 11708
496 2552 9213
497 14900 5946
498 7985 16709
499 1499 4901
500 5809 17881
501 3097 501
502 4385 7386
503 16815 7725
504 13728 1605
505 14000 6788
506 4574 1297
507 928 5099
508 4029 12054
509 10520 7298
510 948 6814
511 15617 1025
512 11816 9943
513 13256 14326
514 3343 2478
515 11020 15600
516 13435 3402
517 9099 8493
518 2946 3283
519 5798 7353
520 14557 13159
521 13315 8075
522 6991 19700
523 19487 1002
524 6033 8034
525 12538 6705
526 11078 12392
527 14425 8872
528 501 5864
529 13638 2722
530 14212 10181
531 6559 7781
532 11169 4822
533 10668 6026
534 3233 10320
535 6875 1503
536 823 15728
537 5617 10808
538 19181 2467
539 1899 15825
540 2704 11280
541 6952 173
542 12313 4250
543 4471 19958
544 2719 7754
545 13312 9202
546 5888 3533
547 15810 8451
548 12990 9549
549 4168 3244
550 4430 5266
551 12949 1155
552 2310 19547
553 18669 8534
554 16875 4730
555 809 17691
556 14740 9873
557 13781 14850
558 11934 403
559 10891 16423
560 17797 8242
561 15440 8458
562 1252 5838
563 2955 17727
564 3259 2107
565 16310 9538
566 2352 7496
567 1748 11700
568 17404 3000
569 2816 3407
570 16424 10942
571 9374 10335
572 7915 6758
573 8121 7409
574 5175 6629
575 4061 8897
576 12137 9082
577 9163 16511
578 5024 11403
579 1567 7724
580 15428 4327
581 3534 4871
582 17179 1518
583 1714 5068
584 18701 255
585 13327 7336
586 338 9388
587 2423 9267
588 12262 15373
589 16197 4760
590 5834 11386
591 11472 16564
592 14855 7103
593 6181 17948
594 6564 5267
595 2093 17178
596 17536 10225
597 648 2426
598 5164 1765
599 3524 496
600 8068 78
601 15192 1218
602 13286 57
603 6814 3712
604 4111 5887
605 1381 8588
606 19513 7921
607 8873 7422
608 2619 11177
609 126 7964
610 12198 12587
611 15963 7630
612 10497 6937
613 12000 8736
614 2216 2696
615 3605 1363
616 2259 18440
617 5993 1825
618 15668 7032
619 581 4812
620 8018 6206
621 6438 1102
622 11056 7000
623 2716 4766
624 1348 4808
625 2390 1548
626 16493 9149
627 17647 1374
628 3097 1908
629 16163 1036
630 4147 10506
631 17415 2504
632 16751 12162
633 3286 5494
634 905 7939
635 632 12344
636 10894 17063
637 15300 12056
638 17450 12267
639 14359 3788
640 16535 10072
641 12193 8894
642 15194 6991
643 6899 2233
644 1709 13132
645 386 7230
646 1031 4911
647 775 19050
648 6318 5379
649 1046 7403
650 9461 3952
651 13517 6412
652 3988 11882
653 5027 5408
654 5298 19020
655 3948 8137
656 956 448
657 13854 13238
658 16559 3581
659 16472 5260
660 4226 12195
661 16937 19838
662 5811 6131
663 10057 17323
664 5214 7836
665 3951 96
666 1127 11501
667 6607 1400
668 13075 68
669 12967 4653
670 4700 791
671 6039 4356
672 5485 1496
673 16942 25
674 7726 11239
675 8090 542
676 12692 7128
677 3301 2929
678 16093 1790
679 5743 87
680 514 4071
681 1595 2508
682 16060 9432
683 11523 13926
684 17935 3128
685 1645 7803
686 18034 1612
687 9359 13103
688 7349 17114
689 6199 10172
690 878 4035
691 4203 1280
692 6711 18774
693 13600 10207
694 13694 9425
695 4485 15295
696 1280 2397
697 9372 12148
698 11997 12413
699 9940 7725
700 5253 4590
701 2480 9515
702 19339 632
703 5451 7123
704 3663 1280
705 5128 13227
706 17816 3143
707 16407 714
708 3642 4565
709 7173 9569
710 7686 8176
711 7679 16257
712 4312 403
713 4566 19074
714 2380 4014
715 3613 4105
716 4593 9205
717 5408 6258
718 1781 19204
719 19976 1504
720 15297 6816
721 17167 9429
722 6277 6008
723 1515 5893
724 5125 2190
725 361 11558
726 14054 8049
727 12908 7612
728 13167 7834
729 8726 233
730 14889 7070
731 14720 4756
732 12122 9825
733 2423 5173
734 12409 12231
735 12971 10316
736 7087 7362
737 15496 6637
738 1401 1014
739 1472 7011
740 10288 7060
741 869 2282
742 8522 10670
743 12078 14200
744 12821 15109
745 6145 8300
746 14219 9026
747 10074 16579
748 10930 17417
749 1861 2708
750 3314 10738
751 14057 5898
752 13018 5870
753 4352 13868
754 2654 2669
755 16025 9383
756 12612 9361
757 17261 2630
758 13349 8320
759 3921 4238
760 2550 9027
761 12250 9834
762 2786 7313
763 1100 3971
764 11477 13326
765 15823 2601
766 1875 17704
767 4090 8932
768 16395 11653
769 19484 7085
770 2912 2709
771 3184 5491
772 13213 5381
773 6431 4026
774 13659 9734
775 12533 8556
776 5329 12606
777 6151 7640
778 6556 15246
779 19343 7982
780 13690 7930
781 12885 3118
782 12483 16366
783 14637 8101
784 17559 5964
785 12918 11611
786 18782 7066
787 6588 6472
788 4301 19825
789 3868 2251
790 13852 1451
791 18837 2016
792 13153 7349
793 16889 2436
794 7348 9493
795 9070 17622
796 11356 10765
797 827 5252
798 18021 5300
799 17665 11365
800 8536 9776
801 11474 193
802 3598 4318
803 16109 8735
804 8372 9081
805 6353 626
806 11609 18997
807 7260 8931
808 11652 13080
809 17658 5944
810 13020 19162
811 18614 8500
812 192 16948
813 18633 7218
814 13054 14245
815 6561 11380
816 11985 14643
817 4316 5144
818 12036 14998
819 14405 3959
820 2617 11770
821 13114 5253
822 2215 3381
823 16926 2300
824 9046 16570
825 2310 9927
826 8139 11872
827 4649 9622
828 10831 8748
829 12757 8331
830 16380 11104
831 13901 16130
832 9145 17160
833 11655 159
834 12714 7246
835 4681 4833
836 16576 12694
837 5685 17401
838 16085 5763
839 4238 3988
840 13891 17765
841 12802 11941
842 12539 16010
843 13982 8491
844 12499 8226
845 2085 3824
846 13641 1205
847 4470 2050
848 17355 4787
849 1287 9128
850 1822 5571
851 5191 5600
852 4234 19116
853 2940 415
854 4169 17427
855 13211 5563
856 19056 17737
857 19409 943
858 2986 1060
859 8772 7767
860 2731 776
861 16639 3850
862 13007 8365
863 14363 13463
864 15539 768
865 13621 1150
866 18373 10027
867 1881 10024
868 15965 5775
869 9652 11540
870 18759 1229
871 3685 8989
872 10453 7483
873 13513 7634
874 3515 10807
875 1082 607
876 6282 15871
877 16256 7691
878 3100 17927
879 12222 19667
880 12908 8291
881 10348 12809
882 214 8716
883 17039 69
884 18116 9829
885 2169 10086
886 11283 10927
887 14693 11435
888 14742 2085
889 15060 9032
890 10574 8806
891 1939 2555
892 823 6713
893 5754 15458
894 14314 1817
895 12899 17680
896 6380 4579
897 4661 4629
898 4716 6313
899 19537 2199
900 7561 7973
901 2978 5980
902 1207 1314
903 7313 8952
904 2769 82
905 15886 3800
906 1350 6505
907 7725 16926
908 19281 2630
909 5168 17556
910 1593 15908
911 4463 1390
912 6888 5135
913 5639 11255
914 17027 4174
915 10781 602
916 5939 15162
917 148 10819
918 11842 8161
919 12466 10833
920 7213 6000
921 13542 10592
922 1800 2709
923 13985 2306
924 4006 10398
925 976 18964
926 15082 5337
927 7765 5518
928 14646 10773
929 16235 961
930 3136 3776
931 11204 8756
932 843 2612
933 3617 2620
934 1068 19612
935 3089 152
936 467 8965
937 4846 4087
938 4088 1795
939 4422 801
940 7643 7394
941 907 4634
942 12920 9988
943 1148 16479
944 18177 634
945 17658 9637
946 2558 8715
947 2617 14962
948 10585 8665
949 1620 19487
950 6514 13059
951 2278 5142
952 13860 2241
953 17560 2850
954 1696 8858
955 17529 4577
956 7265 12666
957 2779 858
958 6137 10844
959 7720 6908
960 6867 14306
961 6226 11638
962 10774 5533
963 8982 7476
964 17528 9422
965 18105 3788
966 19322 10488
967 8729 11227
968 4519 11797
969 10047 6637
970 13994 14875
971 13663 1160
972 1063 416
973 5389 11345
974 172 9889
975 10075 15202
976 12180 13639
977 17924 6085
978 7146 9945
979 16241 5312
980 8847 8914
981 321 1012
982 2676 454
983 338 11135
984 2536 11155
985 2938 12393
986 19900 12236
987 12314 17029
988 6999 8159
989 19964 8423
990 17869 2846
991 14787 681
992 3708 61
993 14015 9493
994 14935 10034
995 2422 13041
996 15379 10283
997 17093 4832
998 12623 12244
999 5559 18076
1000 12850 401