703
1 134 731
2 32 778
3 302 983
4 818 714
5 149 298
6 335 792
7 15 616
8 78 345
9 589 477
10 21 813
11 624 667
12 626 767
13 328 932
14 180 428
15 814 906
16 858 828
17 229 493
18 390 978
19 962 227
20 360 465
21 197 436
22 538 823
23 856 347
24 496 403
25 879 723
26 912 604
27 431 609
28 35 939
29 803 164
30 290 178
31 268 195
32 873 520
33 189 650
34 282 48
35 338 579
36 417 887
37 21 386
38 321 577
39 958 61
40 219 443
41 996 107
42 704 387
43 505 469
44 523 863
45 339 770
46 165 539
47 26 602
48 540 977
49 714 860
50 259 52
51 491 72
52 506 761
53 690 212
54 585 225
55 422 145
56 192 448
57 996 180
58 544 826
59 331 886
60 55 290
61 667 600
62 657 372
63 479 653
64 631 841
65 139 7
66 436 639
67 879 185
68 318 374
69 279 141
70 150 394
71 472 734
72 304 200
73 235 678
74 52 590
75 759 241
76 723 892
77 223 211
78 877 862
79 276 785
80 752 57
81 744 999
82 933 726
83 319 403
84 201 0
85 257 198
86 844 869
87 99 729
88 356 855
89 755 171
90 189 669
91 666 860
92 0 622
93 855 613
94 315 743
95 667 255
96 7 539
97 485 839
98 661 605
99 607 119
100 781 813
101 259 438
102 779 765
103 16 746
104 29 149
105 255 283
106 892 531
107 5 307
108 239 819
109 831 748
110 599 546
111 118 45
112 748 769
113 190 27
114 645 4
115 295 712
116 476 248
117 798 22
118 246 252
119 597 297
120 648 359
121 932 745
122 350 632
123 410 982
124 869 93
125 86 227
126 824 142
127 263 48
128 150 962
129 46 885
130 845 24
131 643 740
132 132 83
133 772 958
134 782 813
135 720 116
136 236 588
137 353 756
138 194 259
139 69 586
140 498 909
141 977 202
142 367 67
143 801 99
144 670 545
145 927 541
146 542 966
147 978 563
148 710 185
149 890 899
150 61 921
151 566 146
152 584 138
153 162 517
154 130 158
155 571 638
156 44 654
157 401 500
158 991 270
159 201 581
160 288 764
161 112 899
162 790 378
163 495 120
164 734 236
165 729 602
166 89 514
167 602 393
168 484 682
169 309 963
170 500 523
171 623 909
172 218 711
173 887 72
174 151 408
175 421 480
176 854 361
177 783 905
178 183 185
179 552 134
180 478 345
181 725 621
182 276 995
183 95 85
184 752 442
185 660 561
186 967 202
187 314 763
188 711 179
189 988 469
190 236 931
191 120 631
192 700 631
193 798 447
194 713 830
195 308 505
196 8 405
197 540 909
198 343 308
199 424 574
200 195 644
201 538 830
202 362 913
203 37 604
204 385 12
205 681 595
206 23 841
207 281 80
208 275 622
209 166 259
210 107 501
211 648 639
212 650 110
213 748 478
214 118 297
215 591 722
216 438 231
217 279 386
218 792 176
219 978 844
220 658 190
221 387 56
222 964 673
223 408 299
224 337 551
225 582 389
226 50 686
227 846 1
228 487 693
229 168 113
230 406 302
231 480 691
232 843 8
233 369 408
234 703 163
235 757 271
236 110 439
237 722 108
238 351 185
239 909 11
240 958 655
241 695 283
242 577 259
243 585 191
244 208 453
245 271 472
246 241 483
247 750 506
248 8 866
249 429 38
250 732 222
251 83 328
252 617 637
253 216 668
254 497 808
255 992 881
256 326 663
257 883 457
258 435 65
259 589 919
260 373 203
261 91 594
262 639 41
263 791 701
264 287 650
265 387 862
266 622 514
267 570 764
268 426 69
269 867 391
270 252 191
271 167 382
272 923 816
273 993 792
274 908 463
275 36 755
276 494 636
277 828 449
278 664 628
279 556 673
280 482 281
281 45 836
282 625 418
283 758 926
284 714 902
285 716 256
286 4 123
287 236 715
288 837 169
289 650 936
290 876 709
291 697 892
292 587 924
293 152 73
294 946 843
295 106 108
296 406 86
297 107 179
298 652 757
299 125 918
300 850 596
301 703 690
302 996 733
303 332 750
304 569 238
305 638 840
306 804 936
307 41 952
308 546 741
309 401 303
310 29 49
311 418 664
312 664 324
313 434 116
314 282 407
315 332 675
316 542 470
317 935 240
318 700 842
319 173 407
320 294 704
321 490 981
322 997 295
323 857 593
324 821 508
325 789 752
326 233 72
327 694 55
328 602 612
329 909 665
330 614 152
331 391 893
332 162 494
333 492 560
334 565 957
335 852 998
336 829 486
337 829 108
338 965 137
339 81 743
340 45 921
341 634 589
342 984 620
343 593 712
344 266 862
345 327 987
346 258 350
347 809 602
348 860 536
349 729 799
350 380 418
351 613 724
352 498 764
353 748 41
354 915 128
355 951 140
356 140 972
357 703 816
358 752 203
359 341 146
360 277 54
361 922 716
362 614 909
363 863 747
364 975 755
365 251 411
366 834 492
367 743 475
368 595 110
369 578 319
370 574 246
371 266 537
372 812 237
373 720 837
374 365 188
375 734 778
376 387 89
377 469 114
378 901 915
379 929 153
380 693 728
381 947 14
382 695 951
383 806 790
384 364 106
385 56 709
386 903 410
387 198 422
388 753 18
389 492 344
390 235 837
391 123 777
392 320 693
393 821 715
394 326 52
395 751 970
396 978 243
397 750 218
398 66 576
399 687 460
400 477 816
401 782 681
402 237 671
403 371 381
404 198 480
405 564 323
406 739 348
407 596 332
408 935 132
409 81 263
410 633 373
411 426 587
412 423 37
413 316 708
414 692 726
415 69 347
416 242 613
417 730 825
418 932 748
419 155 831
420 318 269
421 60 54
422 664 511
423 286 532
424 286 856
425 164 244
426 234 29
427 125 760
428 360 170
429 345 928
430 923 619
431 603 722
432 609 755
433 196 843
434 866 204
435 637 256
436 917 949
437 973 928
438 266 395
439 126 442
440 404 851
441 19 256
442 548 360
443 74 195
444 287 441
445 91 477
446 999 325
447 568 497
448 888 466
449 882 355
450 25 643
451 346 290
452 466 634
453 196 823
454 348 441
455 165 385
456 770 551
457 643 130
458 954 409
459 759 116
460 218 786
461 397 19
462 694 230
463 852 662
464 29 7
465 937 124
466 963 132
467 838 606
468 931 847
469 633 206
470 931 848
471 499 263
472 83 334
473 311 625
474 230 679
475 163 573
476 985 71
477 104 633
478 162 764
479 147 147
480 767 238
481 49 537
482 26 91
483 964 472
484 712 841
485 65 23
486 45 664
487 42 534
488 151 98
489 759 283
490 69 839
491 978 220
492 19 970
493 615 640
494 276 152
495 221 240
496 361 284
497 959 914
498 504 951
499 480 316
500 316 515
501 565 520
502 135 2
503 860 269
504 626 9
505 91 251
506 258 879
507 506 122
508 815 82
509 194 707
510 696 792
511 451 836
512 467 654
513 73 79
514 852 220
515 5 114
516 920 239
517 85 666
518 52 281
519 107 630
520 441 23
521 906 331
522 804 890
523 919 44
524 936 557
525 33 849
526 18 790
527 242 159
528 359 390
529 128 460
530 512 694
531 334 419
532 256 264
533 974 104
534 915 915
535 179 102
536 496 105
537 456 444
538 823 489
539 426 64
540 213 661
541 54 113
542 786 470
543 335 900
544 611 202
545 32 516
546 843 528
547 750 437
548 836 429
549 622 413
550 85 58
551 134 162
552 920 309
553 736 275
554 641 65
555 611 652
556 983 155
557 215 629
558 614 467
559 846 208
560 230 432
561 578 74
562 579 673
563 682 922
564 990 886
565 215 254
566 749 486
567 652 236
568 638 22
569 497 822
570 591 649
571 663 806
572 601 375
573 391 679
574 859 432
575 592 485
576 381 400
577 231 311
578 200 400
579 436 730
580 369 527
581 655 577
582 532 342
583 188 612
584 447 788
585 58 418
586 591 484
587 157 49
588 807 445
589 36 220
590 871 536
591 627 58
592 468 55
593 288 250
594 238 661
595 855 629
596 602 576
597 864 515
598 922 480
599 417 402
600 514 645
601 819 746
602 895 577
603 275 179
604 198 695
605 853 590
606 683 651
607 642 690
608 577 861
609 751 805
610 696 213
611 103 206
612 56 531
613 673 274
614 146 661
615 430 628
616 632 941
617 408 137
618 875 62
619 354 347
620 550 191
621 357 315
622 316 2
623 131 297
624 281 943
625 357 131
626 20 427
627 599 528
628 859 994
629 59 642
630 70 326
631 573 9
632 816 64
633 19 671
634 127 516
635 40 49
636 797 224
637 398 90
638 794 797
639 33 581
640 865 223
641 533 910
642 190 656
643 658 898
644 152 518
645 275 711
646 660 368
647 745 661
648 121 795
649 812 930
650 244 687
651 858 245
652 294 59
653 562 982
654 79 1
655 715 322
656 1 223
657 505 594
658 359 39
659 183 712
660 579 652
661 77 137
662 747 91
663 299 94
664 304 389
665 823 905
666 383 243
667 481 882
668 254 902
669 899 33
670 112 112
671 319 857
672 567 11
673 372 653
674 929 730
675 655 85
676 131 424
677 208 237
678 413 591
679 973 749
680 210 365
681 461 533
682 438 206
683 253 964
684 675 169
685 436 998
686 40 583
687 829 913
688 499 633
689 760 773
690 724 952
691 598 967
692 186 655
693 437 958
694 638 743
695 111 224
696 741 542
697 716 667
698 511 884
699 279 182
700 573 202
701 936 404
702 752 519
703 841 355
