990
1 549 44
2 611 134
3 963 26
4 333 854
5 242 386
6 642 574
7 640 965
8 608 187
9 423 982
10 436 764
11 821 976
12 828 868
13 934 391
14 259 910
15 734 372
16 187 949
17 982 652
18 452 556
19 895 677
20 992 364
21 789 118
22 506 40
23 49 322
24 549 410
25 738 783
26 809 722
27 999 440
28 895 859
29 159 498
30 967 804
31 32 510
32 732 940
33 351 705
34 397 595
35 382 563
36 36 153
37 412 612
38 243 563
39 234 139
40 746 636
41 202 132
42 737 9
43 403 918
44 556 770
45 781 163
46 277 673
47 812 587
48 804 639
49 132 998
50 337 240
51 134 19
52 277 458
53 659 294
54 840 25
55 236 962
56 634 886
57 145 702
58 656 591
59 8 154
60 689 695
61 611 744
62 531 570
63 119 824
64 984 386
65 934 258
66 689 168
67 587 673
68 444 783
69 750 376
70 962 65
71 755 904
72 192 445
73 247 78
74 76 738
75 846 178
76 460 679
77 475 518
78 270 577
79 767 641
80 306 579
81 952 219
82 631 553
83 959 911
84 883 867
85 2 317
86 811 604
87 194 56
88 481 126
89 605 373
90 670 243
91 181 743
92 111 698
93 175 470
94 321 38
95 11 735
96 594 729
97 654 720
98 399 490
99 682 724
100 673 758
101 437 189
102 166 946
103 699 745
104 734 892
105 130 666
106 524 318
107 670 154
108 312 473
109 423 66
110 206 384
111 259 119
112 370 684
113 977 900
114 209 197
115 835 552
116 451 586
117 476 155
118 841 639
119 610 454
120 6 18
121 639 468
122 272 962
123 744 521
124 359 599
125 736 654
126 825 40
127 541 594
128 278 40
129 317 477
130 329 399
131 541 368
132 498 373
133 479 971
134 666 204
135 827 868
136 525 252
137 40 980
138 510 690
139 854 402
140 851 989
141 725 842
142 236 831
143 311 58
144 880 275
145 732 721
146 192 27
147 223 434
148 679 824
149 331 727
150 79 553
151 505 136
152 781 840
153 643 266
154 675 877
155 224 144
156 180 845
157 860 237
158 510 732
159 781 293
160 220 631
161 75 132
162 988 180
163 869 107
164 19 888
165 569 898
166 224 689
167 118 377
168 8 600
169 649 822
170 107 141
171 912 793
172 264 603
173 457 570
174 328 875
175 625 414
176 964 638
177 562 888
178 726 785
179 743 520
180 843 441
181 675 263
182 879 466
183 668 277
184 142 373
185 373 69
186 34 166
187 782 781
188 379 578
189 157 514
190 420 342
191 560 340
192 291 86
193 228 986
194 404 219
195 920 778
196 276 582
197 561 954
198 750 389
199 558 842
200 668 699
201 680 412
202 947 616
203 38 127
204 705 944
205 965 776
206 523 416
207 917 487
208 509 782
209 323 508
210 246 603
211 581 222
212 166 626
213 161 461
214 989 943
215 454 743
216 113 534
217 820 629
218 85 584
219 390 691
220 673 416
221 526 157
222 652 851
223 936 741
224 12 296
225 803 895
226 438 49
227 165 493
228 805 952
229 30 628
230 51 554
231 507 70
232 565 893
233 230 492
234 777 990
235 357 527
236 45 519
237 419 708
238 966 591
239 364 492
240 644 328
241 152 187
242 245 90
243 103 32
244 859 727
245 955 702
246 784 422
247 94 868
248 655 756
249 75 264
250 676 463
251 227 995
252 241 302
253 622 642
254 540 194
255 372 159
256 667 558
257 768 752
258 345 460
259 124 465
260 615 438
261 760 915
262 546 101
263 920 409
264 76 841
265 11 792
266 233 656
267 680 561
268 373 519
269 805 859
270 888 69
271 481 800
272 990 499
273 999 980
274 239 477
275 33 586
276 839 296
277 340 199
278 474 160
279 862 226
280 605 262
281 65 747
282 666 114
283 913 432
284 839 119
285 164 630
286 762 275
287 866 863
288 823 628
289 161 157
290 623 143
291 397 545
292 371 573
293 705 435
294 982 310
295 962 443
296 834 638
297 116 931
298 179 165
299 113 173
300 765 685
301 819 777
302 565 784
303 827 816
304 276 787
305 509 976
306 594 397
307 42 882
308 16 377
309 352 867
310 216 520
311 146 386
312 485 444
313 550 434
314 493 632
315 664 276
316 765 656
317 153 282
318 298 733
319 342 462
320 750 733
321 962 618
322 594 302
323 433 977
324 96 84
325 805 170
326 951 415
327 39 900
328 709 318
329 639 880
330 63 322
331 972 160
332 356 207
333 449 769
334 104 609
335 209 88
336 405 676
337 131 229
338 308 744
339 153 963
340 81 511
341 318 130
342 585 113
343 6 771
344 514 291
345 21 863
346 110 274
347 769 692
348 984 369
349 839 152
350 443 541
351 396 363
352 575 811
353 107 523
354 580 156
355 478 53
356 596 806
357 147 230
358 707 882
359 397 53
360 739 225
361 907 193
362 546 179
363 627 752
364 316 158
365 671 207
366 693 639
367 429 596
368 429 252
369 3 183
370 537 409
371 234 140
372 74 800
373 234 930
374 747 37
375 734 581
376 941 878
377 78 433
378 236 35
379 601 35
380 957 983
381 398 788
382 817 176
383 89 445
384 638 230
385 141 109
386 133 292
387 685 302
388 444 377
389 348 764
390 248 156
391 612 734
392 628 406
393 902 897
394 136 846
395 107 604
396 604 378
397 60 491
398 240 454
399 967 483
400 667 426
401 665 703
402 308 109
403 539 796
404 842 247
405 193 439
406 120 18
407 290 711
408 536 391
409 970 243
410 490 894
411 530 713
412 801 432
413 343 222
414 726 664
415 823 108
416 734 14
417 493 718
418 84 858
419 106 104
420 981 823
421 111 477
422 939 272
423 103 357
424 349 210
425 487 149
426 774 687
427 671 839
428 130 54
429 658 781
430 373 755
431 223 965
432 654 557
433 0 307
434 902 365
435 64 822
436 800 649
437 742 606
438 591 144
439 234 794
440 168 53
441 423 316
442 331 85
443 850 945
444 593 613
445 733 616
446 803 935
447 326 508
448 941 840
449 158 423
450 515 147
451 837 606
452 259 459
453 455 148
454 257 829
455 578 645
456 151 399
457 351 70
458 409 919
459 200 78
460 114 673
461 168 408
462 68 83
463 422 891
464 959 893
465 832 554
466 681 430
467 640 112
468 997 352
469 542 205
470 917 235
471 75 589
472 865 953
473 966 431
474 258 590
475 204 443
476 457 337
477 28 292
478 81 669
479 812 612
480 93 927
481 609 914
482 914 755
483 833 739
484 688 110
485 378 429
486 231 997
487 805 186
488 857 161
489 282 966
490 211 884
491 811 314
492 266 92
493 921 576
494 100 381
495 707 805
496 998 797
497 677 826
498 390 933
499 113 658
500 456 64
501 471 295
502 713 552
503 642 435
504 48 11
505 332 232
506 989 72
507 45 414
508 620 704
509 417 248
510 132 536
511 690 343
512 266 438
513 625 11
514 186 537
515 273 284
516 877 865
517 772 46
518 815 597
519 427 567
520 263 402
521 482 199
522 95 406
523 52 157
524 231 448
525 462 919
526 692 943
527 509 650
528 620 729
529 531 833
530 234 415
531 155 603
532 183 58
533 920 971
534 506 633
535 678 274
536 879 700
537 947 490
538 583 885
539 91 822
540 155 8
541 303 137
542 926 323
543 51 356
544 917 284
545 30 950
546 897 983
547 373 564
548 221 217
549 620 61
550 88 238
551 621 250
552 902 851
553 839 120
554 71 842
555 915 494
556 865 710
557 889 823
558 760 247
559 301 414
560 247 446
561 102 761
562 432 876
563 538 781
564 164 80
565 203 244
566 365 550
567 816 13
568 290 355
569 787 975
570 670 190
571 765 206
572 946 319
573 900 303
574 56 803
575 417 260
576 863 86
577 235 931
578 678 309
579 910 743
580 744 198
581 38 119
582 692 530
583 552 324
584 90 115
585 847 609
586 750 815
587 767 590
588 100 786
589 413 401
590 262 264
591 272 941
592 157 713
593 692 315
594 754 199
595 162 609
596 312 531
597 72 561
598 80 935
599 646 271
600 285 108
601 238 304
602 684 185
603 347 870
604 42 795
605 21 228
606 710 213
607 662 725
608 980 873
609 174 326
610 609 225
611 516 233
612 598 62
613 917 788
614 909 59
615 751 82
616 241 306
617 721 474
618 280 402
619 665 895
620 925 813
621 137 467
622 663 462
623 864 106
624 301 50
625 298 586
626 584 358
627 594 297
628 438 916
629 109 257
630 233 782
631 545 283
632 183 282
633 743 116
634 225 17
635 305 991
636 686 709
637 637 555
638 453 522
639 111 410
640 288 618
641 208 966
642 793 448
643 886 42
644 768 720
645 658 649
646 417 592
647 867 6
648 234 31
649 912 328
650 944 288
651 883 296
652 692 801
653 186 903
654 222 785
655 664 384
656 39 597
657 179 18
658 681 442
659 614 977
660 515 809
661 949 345
662 300 416
663 841 278
664 582 727
665 249 779
666 689 509
667 748 928
668 293 499
669 227 948
670 562 804
671 228 285
672 250 951
673 173 520
674 914 629
675 20 525
676 4 465
677 394 425
678 683 704
679 156 447
680 165 762
681 342 586
682 112 431
683 654 442
684 202 866
685 838 320
686 484 661
687 778 269
688 7 425
689 632 75
690 446 505
691 693 593
692 525 948
693 929 82
694 149 377
695 796 697
696 514 131
697 729 608
698 912 222
699 210 734
700 899 572
701 971 795
702 747 349
703 974 943
704 584 310
705 535 413
706 698 21
707 939 725
708 385 366
709 401 904
710 913 832
711 785 514
712 402 527
713 66 623
714 589 525
715 478 934
716 471 798
717 865 397
718 858 480
719 96 885
720 972 563
721 433 403
722 714 615
723 21 322
724 640 862
725 42 888
726 87 356
727 202 717
728 541 165
729 171 684
730 731 55
731 796 291
732 323 560
733 257 992
734 481 551
735 591 28
736 508 526
737 864 432
738 264 163
739 438 279
740 736 719
741 220 491
742 31 679
743 880 112
744 906 271
745 50 296
746 511 37
747 861 981
748 48 361
749 500 949
750 185 539
751 15 933
752 275 536
753 471 261
754 657 369
755 151 541
756 766 901
757 590 37
758 889 852
759 406 127
760 481 230
761 920 588
762 388 162
763 631 395
764 82 774
765 154 836
766 872 130
767 31 656
768 584 259
769 802 931
770 397 192
771 181 763
772 511 915
773 475 278
774 406 630
775 820 972
776 643 101
777 213 341
778 831 260
779 697 370
780 961 109
781 927 404
782 768 536
783 897 183
784 311 711
785 195 671
786 14 984
787 670 600
788 192 451
789 147 831
790 157 229
791 657 303
792 351 447
793 893 351
794 797 267
795 787 789
796 142 212
797 178 828
798 317 793
799 521 67
800 599 15
801 446 625
802 293 335
803 332 620
804 774 301
805 294 111
806 691 736
807 861 834
808 998 556
809 389 699
810 865 983
811 328 815
812 75 411
813 799 498
814 199 729
815 808 204
816 237 917
817 26 742
818 209 127
819 743 356
820 676 864
821 33 288
822 512 123
823 402 844
824 998 160
825 798 987
826 221 554
827 841 858
828 644 475
829 865 854
830 4 884
831 457 187
832 859 908
833 88 644
834 885 401
835 556 573
836 709 305
837 957 857
838 955 739
839 215 448
840 461 318
841 681 860
842 159 478
843 810 209
844 713 685
845 830 770
846 381 212
847 162 700
848 280 890
849 683 548
850 762 567
851 56 403
852 486 823
853 559 239
854 75 428
855 621 532
856 33 386
857 507 859
858 225 685
859 861 587
860 20 225
861 114 507
862 70 981
863 228 205
864 181 264
865 466 668
866 356 681
867 411 94
868 944 889
869 918 373
870 78 773
871 227 882
872 69 164
873 392 941
874 924 483
875 275 161
876 812 882
877 851 817
878 551 750
879 589 390
880 131 825
881 601 786
882 941 564
883 989 896
884 93 282
885 142 547
886 437 987
887 679 229
888 668 819
889 254 953
890 312 756
891 416 450
892 486 886
893 830 190
894 469 594
895 846 374
896 536 840
897 414 659
898 187 865
899 194 257
900 969 927
901 740 897
902 640 72
903 244 689
904 718 373
905 906 805
906 183 693
907 856 867
908 204 560
909 177 95
910 412 759
911 261 877
912 635 722
913 133 182
914 213 266
915 906 346
916 460 495
917 523 402
918 143 737
919 993 242
920 566 385
921 69 212
922 874 123
923 528 443
924 791 599
925 286 319
926 447 753
927 781 900
928 12 88
929 272 399
930 822 963
931 352 687
932 785 538
933 610 698
934 437 367
935 718 154
936 225 292
937 966 50
938 905 8
939 706 299
940 889 156
941 916 596
942 235 611
943 214 574
944 138 816
945 629 464
946 169 743
947 68 420
948 98 866
949 417 944
950 663 716
951 256 772
952 632 830
953 366 355
954 832 521
955 40 359
956 531 682
957 789 655
958 914 611
959 776 261
960 721 305
961 877 155
962 203 166
963 729 996
964 694 163
965 811 859
966 993 982
967 561 852
968 536 785
969 852 22
970 187 87
971 435 9
972 930 220
973 749 611
974 499 99
975 959 234
976 637 795
977 803 884
978 407 623
979 103 76
980 3 244
981 737 399
982 520 75
983 338 417
984 112 373
985 665 769
986 313 829
987 337 400
988 295 209
989 19 644
990 126 327
