703
1 649 219
2 396 257
3 13 159
4 772 656
5 112 851
6 371 211
7 459 492
8 485 67
9 989 921
10 308 363
11 48 994
12 403 134
13 453 275
14 859 671
15 298 778
16 44 217
17 544 647
18 113 77
19 694 757
20 457 965
21 349 726
22 748 79
23 216 173
24 263 987
25 441 92
26 260 639
27 810 416
28 229 124
29 54 401
30 759 307
31 452 691
32 418 224
33 314 501
34 222 574
35 484 237
36 961 351
37 823 942
38 484 230
39 849 516
40 904 927
41 392 730
42 918 169
43 939 410
44 424 41
45 842 668
46 122 543
47 649 758
48 9 686
49 531 251
50 603 814
51 514 547
52 268 223
53 751 872
54 487 432
55 933 461
56 169 338
57 672 620
58 663 511
59 922 362
60 515 567
61 671 968
62 713 891
63 235 321
64 778 212
65 448 323
66 651 40
67 819 351
68 519 756
69 591 718
70 529 7
71 332 388
72 390 897
73 438 796
74 625 400
75 743 167
76 740 15
77 591 406
78 779 877
79 555 471
80 310 530
81 911 786
82 331 783
83 578 794
84 321 145
85 574 704
86 386 185
87 160 669
88 512 44
89 901 25
90 293 468
91 790 953
92 329 301
93 752 63
94 564 340
95 306 267
96 941 591
97 689 204
98 219 102
99 598 815
100 872 811
101 829 401
102 546 633
103 14 149
104 348 373
105 880 768
106 73 305
107 233 162
108 285 157
109 213 599
110 785 559
111 624 998
112 662 445
113 758 108
114 79 636
115 231 125
116 205 511
117 883 970
118 853 957
119 437 357
120 393 392
121 488 415
122 661 169
123 928 32
124 799 132
125 494 154
126 413 104
127 663 182
128 62 6
129 286 228
130 587 950
131 583 271
132 776 72
133 816 998
134 919 346
135 66 590
136 65 884
137 690 182
138 882 431
139 837 739
140 934 320
141 698 696
142 799 501
143 503 43
144 785 603
145 167 666
146 512 109
147 18 558
148 411 195
149 811 558
150 336 367
151 500 211
152 625 672
153 781 917
154 455 552
155 891 517
156 101 881
157 865 837
158 768 765
159 226 304
160 300 514
161 641 72
162 669 449
163 333 243
164 484 704
165 605 455
166 693 316
167 284 47
168 691 545
169 82 547
170 358 72
171 409 186
172 997 596
173 632 399
174 153 502
175 35 529
176 163 820
177 952 263
178 735 376
179 711 810
180 469 614
181 912 212
182 866 806
183 717 418
184 963 819
185 964 614
186 583 692
187 60 275
188 863 993
189 709 640
190 954 769
191 255 678
192 611 277
193 558 215
194 329 851
195 251 755
196 204 597
197 645 365
198 976 360
199 303 988
200 714 151
201 697 295
202 704 398
203 801 625
204 595 317
205 408 468
206 77 585
207 586 351
208 731 437
209 395 465
210 509 277
211 401 250
212 806 251
213 161 867
214 457 804
215 984 499
216 360 630
217 817 370
218 814 728
219 956 258
220 693 980
221 639 941
222 176 97
223 543 440
224 983 478
225 275 457
226 255 168
227 438 661
228 365 309
229 667 737
230 103 215
231 667 350
232 741 912
233 384 844
234 279 626
235 430 979
236 842 624
237 244 46
238 737 23
239 136 731
240 824 475
241 846 409
242 440 300
243 311 557
244 322 222
245 925 715
246 537 723
247 475 444
248 599 862
249 798 460
250 92 499
251 307 841
252 705 790
253 425 781
254 338 338
255 690 278
256 580 437
257 62 507
258 270 864
259 929 737
260 359 885
261 151 863
262 459 392
263 408 875
264 583 884
265 773 901
266 313 128
267 120 780
268 759 405
269 774 210
270 179 576
271 24 776
272 319 503
273 672 768
274 38 12
275 873 550
276 110 506
277 777 906
278 86 483
279 525 257
280 64 455
281 216 571
282 547 576
283 721 218
284 586 732
285 664 932
286 316 892
287 66 992
288 910 862
289 721 252
290 240 245
291 629 237
292 69 48
293 70 888
294 953 799
295 35 57
296 747 772
297 19 613
298 800 51
299 779 586
300 649 702
301 721 637
302 792 366
303 824 855
304 772 398
305 684 823
306 624 578
307 327 340
308 771 239
309 992 686
310 456 258
311 142 699
312 759 997
313 840 641
314 2 159
315 469 405
316 409 33
317 722 591
318 868 281
319 980 227
320 913 173
321 538 265
322 549 253
323 0 843
324 868 711
325 279 284
326 849 430
327 3 662
328 27 209
329 501 537
330 739 441
331 706 56
332 632 754
333 29 14
334 372 465
335 92 640
336 440 391
337 662 692
338 450 581
339 323 662
340 346 101
341 112 742
342 507 342
343 971 140
344 452 868
345 732 752
346 657 675
347 699 153
348 481 911
349 462 604
350 660 275
351 556 505
352 699 838
353 792 523
354 788 918
355 230 801
356 727 138
357 948 307
358 805 151
359 725 348
360 411 272
361 942 693
362 679 88
363 591 361
364 784 793
365 780 480
366 381 591
367 20 817
368 709 91
369 465 48
370 794 170
371 309 697
372 257 231
373 505 586
374 950 845
375 126 988
376 294 875
377 381 800
378 346 66
379 319 704
380 110 164
381 533 112
382 841 693
383 251 952
384 365 223
385 817 842
386 598 12
387 49 635
388 192 610
389 932 771
390 993 608
391 148 369
392 234 200
393 550 824
394 482 159
395 671 406
396 824 930
397 340 420
398 344 759
399 502 138
400 215 753
401 342 829
402 387 856
403 937 670
404 7 484
405 766 629
406 998 654
407 824 727
408 776 740
409 88 880
410 84 490
411 58 294
412 79 589
413 759 676
414 177 48
415 772 753
416 316 442
417 268 930
418 151 98
419 209 995
420 182 887
421 830 109
422 291 131
423 125 862
424 503 420
425 508 164
426 336 785
427 870 571
428 807 72
429 553 489
430 898 407
431 341 1
432 902 74
433 59 595
434 274 350
435 889 923
436 389 46
437 161 302
438 747 527
439 626 549
440 510 540
441 299 934
442 435 686
443 430 901
444 737 781
445 637 620
446 62 69
447 922 146
448 727 547
449 763 950
450 651 966
451 878 57
452 789 82
453 161 492
454 676 283
455 384 278
456 463 312
457 257 197
458 65 566
459 299 45
460 936 6
461 996 786
462 189 317
463 624 837
464 772 677
465 247 445
466 894 405
467 702 383
468 868 730
469 681 76
470 190 450
471 690 942
472 187 536
473 473 6
474 730 845
475 142 877
476 551 985
477 73 187
478 967 304
479 558 134
480 794 650
481 304 352
482 102 34
483 469 357
484 903 543
485 627 297
486 925 893
487 275 202
488 355 793
489 767 756
490 837 699
491 651 487
492 971 72
493 757 795
494 84 935
495 777 708
496 686 974
497 800 294
498 815 199
499 606 525
500 801 710
501 332 811
502 619 28
503 684 608
504 991 271
505 557 690
506 410 566
507 47 270
508 500 66
509 481 840
510 632 653
511 536 35
512 45 603
513 395 680
514 102 404
515 606 675
516 681 505
517 562 689
518 798 424
519 34 18
520 642 161
521 269 485
522 162 817
523 90 914
524 104 228
525 352 829
526 247 176
527 38 485
528 636 282
529 395 859
530 282 255
531 807 369
532 742 814
533 329 815
534 400 452
535 755 768
536 98 387
537 209 892
538 365 969
539 321 921
540 980 910
541 661 976
542 987 867
543 307 353
544 249 616
545 52 974
546 727 940
547 273 445
548 668 456
549 635 813
550 718 320
551 364 119
552 469 110
553 215 437
554 638 22
555 96 270
556 275 518
557 486 144
558 200 692
559 850 971
560 12 700
561 605 651
562 943 800
563 301 647
564 134 293
565 899 50
566 730 170
567 119 234
568 597 766
569 309 359
570 42 781
571 878 217
572 729 975
573 943 548
574 768 551
575 148 201
576 572 924
577 362 604
578 692 127
579 871 623
580 377 592
581 831 631
582 800 294
583 184 373
584 324 64
585 22 192
586 638 623
587 867 213
588 968 212
589 647 272
590 683 304
591 858 850
592 473 732
593 581 618
594 349 463
595 800 359
596 878 948
597 971 823
598 689 964
599 22 473
600 665 350
601 439 849
602 533 893
603 462 666
604 787 404
605 56 990
606 686 411
607 996 71
608 901 603
609 292 664
610 129 711
611 78 44
612 63 546
613 830 490
614 522 425
615 16 547
616 261 56
617 527 617
618 459 110
619 651 954
620 416 304
621 598 720
622 712 252
623 68 742
624 228 570
625 100 483
626 471 953
627 900 137
628 588 287
629 204 190
630 616 494
631 770 578
632 788 448
633 447 863
634 982 531
635 560 112
636 890 682
637 781 976
638 299 442
639 715 76
640 326 660
641 93 182
642 919 683
643 58 392
644 238 656
645 832 351
646 594 412
647 900 619
648 11 851
649 498 204
650 306 921
651 523 386
652 516 690
653 233 758
654 993 147
655 981 461
656 530 459
657 21 300
658 70 858
659 719 246
660 393 618
661 295 365
662 32 831
663 604 877
664 400 738
665 569 504
666 124 304
667 306 475
668 460 489
669 274 638
670 691 368
671 881 565
672 996 830
673 154 276
674 395 567
675 897 39
676 125 494
677 295 213
678 47 483
679 593 314
680 805 886
681 203 176
682 566 802
683 91 773
684 367 571
685 172 525
686 3 541
687 532 377
688 24 249
689 225 545
690 535 865
691 837 862
692 363 900
693 635 580
694 834 908
695 575 149
696 420 211
697 887 86
698 983 486
699 2 192
700 510 615
701 373 551
702 375 246
703 451 649
